budget,id,revenue
30000000,862,373554033
65000000,8844,262797249
0,15602,0
16000000,31357,81452156
0,11862,76578911
60000000,949,187436818
58000000,11860,0
0,45325,0
35000000,9091,64350171
58000000,710,352194034
62000000,9087,107879496
0,12110,0
0,21032,11348324
44000000,10858,13681765
98000000,1408,10017322
52000000,524,116112375
16500000,4584,135000000
4000000,5,4300000
30000000,9273,212385533
60000000,11517,35431113
30250000,8012,115101622
0,1710,0
50000000,9691,30303072
0,12665,0
3600000,451,49800000
0,16420,0
12000000,9263,27400000
0,17015,0
18000000,902,1738611
0,37557,0
0,9909,180000000
29500000,63,168840000
0,78802,0
30000000,9598,254134910
0,47018,0
11000000,687,39363635
0,139405,0
0,33689,0
12000000,9603,0
0,34615,676525
0,31174,0
10000000,11443,0
19000000,35196,0
18000000,9312,122195920
20000000,577,21284514
10000000,11861,23574130
33000000,807,327311859
55000000,10530,346079773
0,8391,0
6000000,629,23341568
0,117164,0
15000000,11448,6700000
0,49133,0
0,26441,0
0,97406,0
0,124057,0
0,9089,17519169
0,11010,0
0,99040,0
45000000,11359,0
20000000,17182,0
0,2054,106269971
0,10607,0
0,19760,0
15000000,9536,0
0,11525,2409225
0,40628,0
0,4482,0
3500000,10634,28215918
19000000,755,25836616
50000000,11859,11534477
0,28387,718490
0,48750,0
0,20927,19030691
15000000,36929,2042530
20000000,9102,5781885
0,124626,0
0,27526,0
44000000,9623,0
0,46785,0
8000000,400,529766
900000,880,0
0,146599,0
0,188588,0
0,8447,0
38000000,10534,10300000
16000000,17414,0
0,13997,32
8169363,2086,8175346
0,61548,0
47000000,9095,12379402
14000000,12158,19800000
0,9283,0
50000000,9208,150270147
0,40154,0
3000000,406,0
0,45549,0
0,63076,0
0,11062,0
7000000,13685,560069
0,47475,0
18000000,2045,0
12000000,9614,41205099
24000000,688,182016617
0,11907,0
0,10874,34327391
0,89333,0
0,96357,0
72000000,197,210000000
1300000,103,28262574
7500000,33542,32392047
35000000,43566,0
0,71754,0
13365000,43612,0
0,51352,1
0,16934,0
0,10324,0
25000000,78406,6278139
0,55731,0
0,32119,0
40000000,11066,70100000
0,11104,0
0,37975,0
7000000,2074,14702438
17000000,27793,0
0,44284,0
0,290157,0
0,110972,0
0,32622,0
0,73067,0
50000000,11863,9851610
0,55475,0
0,124636,0
0,9101,0
0,123360,0
0,5757,209935
0,39428,0
0,124639,0
60000000,9302,0
31000000,11000,185260553
0,249882,0
0,16388,0
19000000,9737,141407024
0,30765,0
0,10474,0
4000000,22279,851545
0,30157,0
52000000,568,355237933
28000000,11780,31596911
0,34996,0
100000000,414,336529144
0,649,0
0,1873,0
2000000,5894,1275000
11000000,1775,178104
50000000,8839,287928194
25000000,20649,13071518
50000000,10329,152022101
53000000,8963,157387195
0,26564,3174695
7000000,8068,25405445
27000000,8512,16140822
90000000,1572,366101666
0,13552,0
0,259209,0
55000000,6520,127600435
0,9073,0
20000000,10428,7563728
0,17447,0
25000000,9886,19075720
90000000,9482,113493481
0,19326,17014653
1500000,9344,7412216
500000,9071,1148752
0,8973,0
0,15730,0
0,47608,15453274
6000000,2293,2122561
15000000,9070,66000000
0,68274,0
2,48787,1
0,34574,0
22000000,1642,110627965
0,11472,69660733
150000,36196,472370
8,11980,16
0,58372,0
0,32646,0
50000000,10533,10382407
0,56088,0
45000000,10802,20350754
7000000,10149,8349430
0,18402,50892160
35000000,9348,113374103
0,139408,0
42000000,281,7959291
0,5967,0
14000000,79593,5780000
0,47939,7025496
0,36834,339889
0,9090,47774193
60000000,3512,104324083
0,52856,0
0,77350,0
20000000,9560,50012507
175000000,9804,264218220
8000000,31611,0
30000000,65796,0
0,49805,0
0,26258,0
2800000,50797,2616503
0,19155,763847
2500000,76,5535405
10000000,11017,26488734
0,37141,0
21000000,9382,23450000
0,6715,0
0,18256,0
0,22625,0
27000,2292,3151130
25000000,1909,22200000
55000000,8984,214015089
0,61813,0
45000000,4954,0
0,62488,0
0,10531,0
0,11929,0
16000000,8467,247275374
0,10451,7294403
0,20156,0
0,18395,6841570
18000000,522,5887457
0,397,0
0,10525,0
0,27985,0
0,15789,35348597
15000000,27303,12201255
0,21183,0
0,10954,0
0,47867,3992809
0,43475,0
0,72031,0
700000,14275,7830611
5000000,1024,3049135
10500000,17207,26325256
120,13701,0
0,14819,17689177
0,32631,0
25000000,11777,0
60000000,628,223664608
14000000,87729,2474000
0,18713,0
60000000,6280,37000000
0,9061,0
0,37108,0
40000000,6071,0
11000000,11,775398007
18000000,9587,0
17000000,19101,0
0,49980,0
10000000,17961,0
2000000,18183,21665468
30000000,4476,160638883
0,11008,0
0,47504,0
0,32325,0
60000000,43742,0
17000000,28313,7603766
0,11318,0
45000000,3036,112006296
0,40490,0
15000000,24070,0
0,8986,18137661
0,10510,46264384
6,17402,5
5500000,38722,0
0,8438,17381942
0,11593,0
31000000,1945,106683817
0,39310,0
0,109560,0
4800000,56428,0
0,63105,0
0,131957,0
34000000,241,50282766
0,9058,0
0,527,2201126
0,18220,0
50000000,6950,189859560
16000000,101,45284974
11000000,63020,2832826
0,2307,0
8000000,680,213928762
0,41478,6834525
400000,25296,152322
0,40156,4176932
0,11450,0
0,30304,0
0,10452,0
32000000,12106,18552460
22000000,161495,12400000
15000000,3586,11300653
0,110,0
0,108,0
0,109,0
0,159185,0
0,36357,0
0,92769,0
0,28033,0
35000000,22586,9771658
0,14334,0
45000000,2636,170362582
55000000,2164,196567262
22000000,11395,189833357
25000000,278,28341469
0,9905,0
0,87078,102780
0,12527,0
0,20306,0
32,36614,0
0,27993,0
0,31439,0
25000000,9067,4064495
0,9059,0
38000000,193,120000000
6000000,25066,12000000
0,46797,0
0,12122,0
0,11381,32648673
0,32636,0
6500000,36141,0
0,95963,0
11000000,1587,10032765
30000000,9271,24048000
17000000,2064,182057016
0,19855,0
0,60855,759393
3000000,236,15119639
0,48287,0
15000000,3049,107217396
0,2759,11220670
0,12635,0
5000000,10497,1862805
0,11382,0
62000000,9331,215887717
45000000,10731,117615211
0,10464,0
0,34152,0
15000000,9495,94000000
0,29973,1007583
46000000,888,341631208
55000000,13,677945399
6000000,712,254700832
0,16295,38290723
0,48992,1777020
45000000,10879,61947267
0,10660,0
0,10714,0
0,41647,449707
45000000,8587,788241776
35000000,1689,4858139
14000000,11596,18090181
23000000,854,351583407
0,9359,0
0,23333,0
30000000,36593,51132598
6000000,12280,0
11500000,2788,20079850
8000000,10427,2000000
40000000,11011,0
0,49803,0
45000000,8987,0
30000000,1637,350448145
0,15128,0
27000000,8831,101646581
115000000,36955,378882411
0,10449,50021959
0,10395,0
63000000,12160,25052000
0,40480,0
0,52038,953
0,29444,0
10000000,26352,29392418
0,39953,0
0,41580,0
45000,315,0
7000000,22067,20851521
0,18242,0
35000000,11667,99423521
0,32502,0
0,267188,0
0,28732,0
0,75555,0
0,42981,0
0,278939,0
0,291731,0
0,226229,0
0,203119,0
0,172923,0
0,316098,0
26000000,8011,36800000
0,171857,0
8000000,2654,8946600
0,18069,0
0,19092,0
0,2758,48919043
0,38129,0
34000000,10436,32255440
0,13595,0
17080000,46094,21011500
0,9409,0
0,11853,15240435
3200000,16771,0
40000000,46924,0
0,11041,0
50000000,306,119208989
0,14522,0
0,26203,16668552
0,178,30156002
0,19819,0
0,57834,0
13000000,4722,428868
0,18215,1796389
22000000,1607,17287898
0,26391,3662459
13000000,117553,2570145
30000000,6075,36516012
0,11310,0
0,18658,7355425
70000000,9350,255000211
0,9612,0
40000000,2124,19726050
0,26261,0
0,19176,0
0,49299,0
0,11566,63000000
6900000,9571,7993039
57000000,9739,159055768
0,24257,0
8000000,34444,0
0,26141,0
0,10997,0
0,50463,0
0,10443,0
0,20239,0
0,16297,0
0,18551,9488998
0,25440,0
30000000,9024,11146270
42000000,37233,270248367
20000000,1634,153698625
0,13815,0
44000000,5503,368875760
35000000,35588,18635620
0,2087,30
30000000,41579,0
0,18620,0
0,41006,0
0,4916,22886222
18000000,2019,74189677
33000000,31642,0
25000000,9255,133752825
0,26271,0
0,10612,0
25000000,2259,0
0,16097,0
30000000,11934,0
40000000,106143,0
0,12475,28881266
40000000,9386,176997168
13000000,7984,65796862
0,59930,8880705
0,15765,0
30000000,31643,0
0,6,12136938
63000000,329,920100000
9000000,10909,2395231
1500000,507,418961
0,34024,0
0,29918,0
85000000,9593,137298489
0,42580,0
0,22317,0
0,1413,1499795
22000000,12121,0
0,2246,46405336
0,10502,24760338
13500000,10440,11285588
3500000,9516,27900000
55000000,2320,121969216
0,5879,0
0,83718,0
8000000,11971,0
0,2625,0
0,31911,0
25000000,788,441286195
0,21450,0
12000000,11231,15826984
0,41588,0
20000000,10447,15340000
40000000,31586,0
4000000,9300,0
30000000,9559,135130999
26000000,9800,206678440
7000000,713,116700000
14000000,8291,27515786
0,18133,23042200
0,25557,8638072
0,22588,0
11000000,10872,11439193
11500000,1245,23237911
40000000,11858,24332324
0,7007,107198790
0,10467,0
22000000,5550,10696210
20000000,8005,35739755
11500000,2088,3275585
0,10412,0
800000,47889,1001437
12000000,14534,22750363
0,56583,0
0,41878,0
22000000,424,321365567
0,35233,0
0,14291,7266383
0,103413,0
0,11236,0
13000000,11592,7820688
25000000,8850,48063435
22000000,10445,0
0,695,6110979
0,43535,0
0,12519,7770731
0,23210,0
21000000,858,227799884
40000000,867,116300000
28000000,78,33139618
0,13203,36448200
20000000,10442,11585483
30,11074,0
0,33367,0
48000000,9607,20915465
7400000,17585,7690013
50000000,9057,16478900
0,20967,0
0,10635,0
18000000,9479,75634409
30000000,10057,53898845
25000000,11969,56505065
0,41590,0
12500000,319,12281551
0,26408,0
27000000,15139,13670688
0,161158,0
0,218473,0
0,85247,0
0,11446,0
0,51980,0
0,24405,1596687
0,11655,0
0,11800,0
0,8223,0
0,14587,0
0,31504,0
0,41653,0
0,53185,0
0,95743,0
0,23637,0
200000,17600,0
0,10897,67308282
0,349394,0
0,21352,0
0,68806,0
0,37345,3021629
0,32562,0
0,47507,0
0,25403,0
0,124304,0
0,9066,0
18000000,771,476684675
22000000,251,505000000
28000000,812,504050219
100000000,280,520000000
22000000,581,424208848
0,80350,0
35000000,268,411348924
19000000,274,272742922
1488423,408,184925486
25000000,10020,377350553
2600000,10895,84300000
14000000,114,463000000
0,41043,0
6244087,576,638641
0,15477,0
0,59146,0
0,124472,0
0,30528,0
0,7300,97529550
0,10824,13940383
0,261246,0
7000000,275,60611975
0,25059,32709423
9300000,11827,0
4000000,8766,16675000
8000000,23570,0
0,47333,0
500000,54850,0
0,51242,0
4000000,10112,55675257
0,4307,0
0,46029,0
0,32308,0
0,88893,0
0,52873,0
0,123505,0
0,340210,0
0,44281,0
0,28121,0
0,12520,442965
30000000,1592,102616183
0,166901,0
0,36447,0
0,19042,8620678
0,38884,0
0,47449,0
33500000,36259,0
0,41852,0
0,40926,0
0,9099,0
0,2021,218626
12000000,61752,4939939
0,10988,0
0,11479,0
0,398959,0
0,287305,0
0,339428,65335
0,12652,0
46000000,10684,100860818
80000000,954,457696359
0,68445,0
0,18989,0
0,10801,0
0,54285,0
57000000,8840,115267375
0,278978,0
0,124625,0
0,11107,0
0,16417,0
0,70934,0
0,10363,0
0,161070,0
38000000,10539,28921264
0,10543,0
0,18414,0
13000000,47502,9789900
14000000,11902,0
0,27098,0
0,25087,684351
0,5801,536364
0,896,16000
0,3065,0
0,318177,0
80000000,2300,250200000
9000000,8069,2500000
0,288173,0
0,187851,0
0,27768,0
0,221917,0
220000,8072,0
0,35797,0
0,88030,0
0,185191,0
0,83857,0
0,33245,0
0,124460,0
0,27281,0
0,105045,0
25000000,40001,10070000
0,29621,0
0,117730,0
0,20762,0
0,37144,0
0,48260,0
0,12656,0
0,38867,62949
0,277270,0
0,25969,0
0,44103,0
275000,753,0
0,43634,0
30000000,9103,57400547
0,90214,0
0,29649,0
0,10990,0
0,8866,0
31000000,12233,74151346
0,23449,0
25530000,36355,20080020
0,37667,0
0,90148,0
9000000,922,0
35000000,11876,15000000
0,52633,0
0,62364,0
0,11687,0
45000000,9304,0
0,73183,0
0,131232,0
15000000,9100,24769466
0,20759,0
0,46063,5
0,365371,0
0,32513,0
0,40651,0
25000000,36915,0
4800000,40507,3014000
75000000,9802,335062621
0,25697,0
4000000,21588,0
92000000,664,494471524
0,11867,3793614
0,47119,0
0,314352,0
0,9323,2287714
0,10280,0
18000000,10535,0
0,124613,0
0,532,0
0,26744,0
0,16299,0
25000000,10547,14048372
0,245268,0
1800000,935,9440272
0,55613,0
0,215107,0
0,41007,0
0,35645,0
0,110465,0
0,255546,0
0,40751,0
0,275096,0
0,85778,0
0,11101,0
45000000,9826,17300889
50000000,9879,113309743
0,63564,0
0,22621,0
45000000,7095,58620973
0,26890,1814290
0,46732,0
0,124633,0
0,202425,0
0,196940,0
0,77771,0
0,181083,0
0,41225,0
0,188589,0
50,87190,0
4000000,627,16491080
1000000,32872,0
75000000,602,816969268
0,14553,0
55000000,9566,18626419
100000000,10545,100138851
47000000,9894,102825796
27000000,11543,25023434
100000000,9268,242295562
0,52059,0
54000000,9327,128769345
0,123763,0
0,81949,65352
0,42005,0
0,124306,0
0,183955,0
0,44535,0
0,44495,0
0,78285,0
80000000,11228,159212469
30000000,10779,29359216
5000000,26748,13269963
12000000,38223,0
32000000,9294,152036382
0,49963,0
3500000,11363,9482579
40000000,1645,152266007
0,31546,665450
0,77056,0
23000000,36344,0
25000000,18550,17193231
20000000,11511,0
0,172198,0
30000000,34170,0
0,281085,0
0,109478,0
0,124645,0
0,12606,0
0,69895,0
0,35206,0
0,151489,0
0,4837,0
0,12632,0
0,9098,0
0,282919,0
0,124614,0
0,18975,0
13000000,11962,4619014
26000000,2925,116400000
0,28628,0
80000000,3595,309492681
0,9308,21302121
0,92381,0
0,18555,258263
50000000,12123,60209334
36000000,10830,33459416
6000000,3573,22231658
13000000,10546,17917287
0,18862,0
0,31417,0
15000000,9431,5600000
0,124619,0
0,297645,0
0,48144,0
0,46986,0
0,144982,0
6000000,47907,12643776
50000000,10061,42277365
0,36266,0
2962051,549,3011195
45000000,10478,53854588
200000,66634,300000
0,116690,0
0,213917,0
0,145925,0
0,100914,0
6000000,238,245066411
0,159,0
900000,11134,20483423
500000,88224,431326
0,132641,0
1850000,42758,0
4500000,9303,7011317
17000000,23945,0
0,37820,0
18000000,22479,0
53000000,9054,0
0,241058,0
0,11985,0
0,10232,0
0,59569,0
0,410921,0
0,38955,0
0,110513,0
0,114089,0
60000000,11015,33956608
40000000,9306,49627779
0,12559,0
8000000,58770,0
0,124851,0
32000000,3587,0
25000000,10723,22611954
0,56077,0
0,19004,0
0,101230,0
0,253632,0
5000000,10987,15116634
0,44705,0
0,20318,0
0,43596,0
0,79782,0
0,26933,0
3000000,27854,0
0,981,0
2540800,872,7200000
2723903,2769,4500000
0,13320,0
2500000,164,9500000
2479000,426,28000000
1000000,567,36764313
325000,3078,4500000
2068000,13528,0
520000,28288,0
4000000,213,13275000
3000000,284,25000000
2883848,239,25000000
4000000,4808,13474588
878000,289,10462500
375000,963,1000000
17000000,11113,72070731
2238813,6620,10000000
1500000,804,12000000
0,26531,0
0,909,0
2777000,630,33754967
4000000,770,400176459
0,31044,0
1752000,599,5000000
839727,15,23217674
10500000,62,68700000
0,121357,0
1400000,705,63463
1688000,22490,2270000
1288000,223,6000000
0,25670,0
2000000,303,24464742
1500000,4174,7000000
0,8356,0
2500000,381,8750000
0,20758,0
0,29376,0
1365000,1859,2279000
0,18299,0
0,17281,0
0,64382,0
2033000,10907,3981000
0,32093,0
1020000,1939,2000000
0,22292,0
4000000,3598,0
609000,3080,3202000
0,198,0
0,13562,0
5400000,1712,35000000
1,220,5
226408,3529,1423000
0,3085,0
6000000,2897,42000000
3180000,1585,9644124
1500000,3083,9600000
1073000,900,0
0,43795,0
0,85638,0
0,50001,0
0,43905,0
0,22688,0
0,23114,0
0,26378,0
0,40206,0
0,22356,0
0,260,0
0,43488,0
0,22613,0
114000,10331,30000000
1300000,488,10750000
1000000,22733,0
3000000,261,17570324
0,57575,105
0,32574,0
0,22657,0
0,76464,0
4,22649,25
0,176841,0
0,125587,0
0,39448,0
0,52855,3028094
0,39940,0
0,172868,0
0,85328,0
0,124632,0
0,11076,0
0,63945,294064
0,58985,0
0,890,0
25000000,10861,51702483
28000000,1770,16900000
0,44465,8538318
0,2033,0
0,18203,0
67000000,9333,47267001
0,47260,0
9000000,9400,41590886
0,9401,0
2300000,12241,49620
0,25739,0
0,161806,0
38000000,11306,17380126
45000000,9625,0
0,10680,22955097
50000000,6346,22540359
0,18660,0
0,35115,0
0,14821,20000000
0,14136,0
0,10869,0
0,22660,0
0,19186,0
0,31102,0
0,6878,0
0,15944,0
0,18444,0
0,20723,0
5000000,173,28200000
14000000,864,154864401
0,24795,50236831
2900000,11224,263591415
0,81310,0
0,15947,0
3000000,9078,22182353
0,29682,0
48000000,8367,390493908
6000000,433,102272727
812000,11360,1600000
10000000,11114,0
20000000,12335,17900000
3000000,12092,572000000
12000000,10948,29800000
3000000,11229,0
8200000,15121,286214286
28000000,562,140767956
10000000,10163,32101000
0,48862,0
0,117036,0
0,47199,0
4500000,11159,13417292
0,9591,34585416
0,30500,4137645
16000000,41843,1985001
0,55058,0
0,10938,1500000
65000000,11412,89456761
50000000,10586,75000000
0,42314,0
0,27845,0
0,108365,0
0,23223,0
2400000,49471,5731103
45000000,38153,2154540
7000000,25147,405000
20000000,9716,0
0,43777,0
14500000,454,147298761
200000,10218,4505922
44000000,819,165615285
0,38191,0
0,56830,0
0,11238,0
0,27256,0
0,31530,0
0,66473,0
0,28120,0
0,1834,0
0,26282,0
120,37218,0
3000000,252,4000000
0,116356,0
0,16372,0
2000000,11561,18344729
2000000,11302,11833696
7500000,623,62493712
4000000,583,20045115
0,12614,28215453
0,21711,0
12000000,11575,25333333
2500000,475,50700000
0,11331,0
1400000,521,3000000
0,21202,0
6000000,88,213954274
1200000,500,14661007
6000000,792,138530565
6500000,8491,30218387
49000000,402,352927224
38000000,10537,34416893
3705538,11386,62548947
12500000,9504,10725228
12000000,15764,30036000
10500000,601,792965326
0,67365,0
0,25842,0
60000000,2119,157920733
15000000,744,356830601
0,136311,1910
1500000,221,0
1800000,702,8000000
0,25750,0
0,17642,0
0,427043,0
0,146341,0
0,9305,0
0,37616,0
0,11112,0
12500000,21612,1227324
0,141210,0
0,102461,0
0,36998,0
0,200383,0
0,116844,0
36000000,1630,20300385
0,26626,0
0,124837,0
0,11816,19255967
5000000,11843,41833347
6788000,10379,13878334
70000000,2756,90000098
1000000,790,21378361
6000000,1103,50244700
1000000,11298,17985893
4940939,4480,0
0,4481,0
0,49688,0
0,10765,0
400000,762,5028948
0,44497,127251
0,85588,0
0,278621,0
0,99479,0
500000,55049,0
0,124829,0
0,79306,2035470
0,356054,0
0,10548,2666118
0,531,0
0,104931,0
0,4483,0
0,18919,0
0,31556,0
0,26167,0
0,26174,0
0,61461,0
0,117500,0
0,218713,0
0,217802,0
0,127973,0
0,659,0
0,30892,0
0,86369,0
0,8074,0
0,124676,0
0,38554,0
7000000,49763,1100000
0,41326,269823
0,36555,0
0,10608,0
0,11216,11990401
0,7452,0
0,64567,0
4000000,892,1794187
0,1600,1999955
0,26561,13200170
935000,975,0
0,18129,13446769
0,54405,0
0,150823,0
27000000,409,231976425
0,38251,4532791
645180,10161,14743391
1200000,1412,0
0,41768,0
3000000,10409,33946224
0,14285,0
0,2469,0
4,10174,29
500000,31225,3779620
3000000,510,108981275
0,11455,41590893
18000000,1891,538400000
16000000,2493,30857814
18000000,85,389925971
15000000,68,0
18500000,679,183316455
1200000,429,6000000
0,13446,0
350000,389,1000000
15000000,947,69995385
2200000,185,26589000
2000000,595,13129846
31500000,28,89460381
5000000,335,5321508
32350000,1892,572700000
2500000,144,3200000
0,1092,596349
25000000,769,46836394
11000000,348,104931801
11000000,766,0
0,175,0
11500000,11645,4069653
0,10835,0
806948,539,32000000
27000000,525,115229890
13000000,240,47542841
17000000,600,46357676
0,530,0
9000000,10705,0
18000000,279,51973029
0,3109,0
30000000,311,0
18000000,1578,23000000
4000000,703,38251425
27000000,9549,21500000
0,1398,0
14000000,387,85000000
5500000,9277,159616327
1200000,343,0
700000,37291,0
0,490,0
0,11235,0
6400000,218,78371200
3000000,763,242623
18000000,9665,26828365
0,18971,0
0,696,39946780
14000000,379,5080409
16400000,207,235860116
3000000,37247,104945305
829000,1480,2247465
0,9322,5000000
3000000,826,27200000
0,422,0
6000000,829,30000000
1200000,828,0
3800000,3090,4307000
25710,9964,0
0,3063,0
0,13667,10297601
19000000,694,44017374
8000000,235,52287414
0,832,0
3600000,765,5923044
4000000,5925,11744471
15000000,11778,50000000
0,4485,0
14600000,137,70906973
14000000,33,159157447
80000000,982,96105910
0,8428,11541758
1120175,212,0
19000000,105,381109762
11000000,1633,119418501
12000000,11202,89800000
0,1554,0
8000000,149,553171
16000000,8009,5900000
3000000,903,16217773
0,11673,0
2800000,3034,86273333
3500000,339,2015810
0,10404,0
2000000,914,11000000
2280000,756,83320000
730000,288,8000000
0,910,0
0,2640,1108462
5100000,16633,0
15000000,665,146900000
2500000,11031,4736202
0,11314,1723872
0,15143,18553948
48000000,89,474171806
0,10322,30177511
22000000,783,77737889
17000000,10644,10006806
3000000,11257,20966644
0,14370,13000000
12000000,12104,22244207
14400000,625,34700291
0,8816,0
1900000,830,3250000
0,2323,84431625
0,983,0
6000000,642,102308889
1746964,655,2181987
23000000,10341,0
16000000,639,92823546
0,266022,0
0,168450,0
0,30180,0
0,31388,0
0,41801,0
0,66034,0
0,348138,0
0,96288,0
0,61536,0
0,18762,0
0,331367,0
50000000,8077,159773545
10000000,814,31973249
0,41671,0
0,27214,6333135
0,52263,0
1500000,33519,0
0,16235,12534817
0,11449,86432000
0,41848,0
0,25944,0
5000000,24913,0
0,49126,0
0,32076,18753438
2500000,571,11403529
240000,8851,0
2000000,37843,0
0,32146,0
0,30346,0
40000000,6114,215862692
393750,229,0
0,13549,0
6000000,9529,25792310
35000000,1598,182300000
0,11349,0
1800000,7340,33800000
0,6217,0
1800000,377,25504513
0,653,0
0,28198,0
2800000,794,60922980
26000000,31640,0
6000000,8744,0
42000000,25189,0
0,145,3803298
0,2212,1179002
46000000,199,150000000
0,7863,0
1000000,12498,24444121
60000000,9279,129832389
0,53234,0
0,17204,0
40000000,21539,48093211
2535000,85589,0
3000000,12709,2503829
25000000,20539,0
54000000,11674,320689294
0,199512,0
0,64900,0
70000000,1573,240031094
35000000,152,139000000
27000000,174,96900000
30000000,172,70200000
12000000,154,96800000
18000000,157,87000000
24000000,168,133000000
80000000,364,280000000
13000000,11967,44726644
20000000,9086,0
6000000,621,181813770
13200000,9037,15171476
12000000,10173,46044400
0,55687,0
0,168535,0
35000000,8845,156563139
0,46681,0
7000000,578,470654000
20000000,579,187884007
20500000,17692,87987055
0,17795,0
70000000,75,101371017
3000000,13891,153155
50000000,9390,273552592
6000000,378,29180280
0,10896,0
0,2322,105232691
0,41240,0
0,26949,0
23000000,9819,12803305
0,49799,0
0,31908,0
0,46027,0
12000000,3179,0
0,1802,0
14000000,4232,173046663
40000000,9361,75505856
0,2928,119718203
0,30285,0
0,10549,0
0,58102,0
1300000,18451,0
0,27265,0
0,49935,0
55000000,8818,141047179
0,36758,3692836
0,36040,0
0,74239,0
0,9415,25804707
500000,55146,0
0,303693,0
0,12145,9381260
0,42424,0
55000000,34314,11466088
0,2892,0
0,9404,21890845
0,85242,0
0,9622,0
55000000,8860,31987563
0,197537,0
0,66597,0
0,14832,322975
116000000,9619,178127760
0,40506,0
0,31000,0
0,4104,23202734
8000000,26306,589304
0,203829,0
0,43775,0
0,14908,4529843
0,784,5770254
0,12489,0
0,168283,0
0,16448,0
0,55936,0
16000000,17894,0
0,28059,656747
0,58911,0
17000000,17949,0
0,1968,29481428
0,61563,0
50000000,66,50068310
0,20735,0
25000000,11419,36400360
0,333165,0
0,25796,0
15000000,638,3675201
30000000,25624,13130349
35000000,9366,41954997
0,60083,0
0,21915,20060051
0,90928,0
0,50091,532654
8000000,18420,0
1000000,19952,0
0,9446,0
3000000,28005,4109095
28000000,9403,41230799
10000000,27322,0
68000000,10003,118063304
35000000,9311,0
0,11844,0
10000000,884,0
0,49806,0
45000000,1624,302710615
0,88423,0
20000000,16052,60000000
90000000,4477,140807547
32000000,24662,3566637
0,18423,7240837
0,76996,0
10000000,6499,17979739
35000000,50512,791830
30000000,9405,0
0,12723,5926128
45000000,9360,136885767
0,9434,28084357
0,118991,57252
0,21626,0
0,13982,0
0,93946,0
16000000,77223,0
0,31465,0
0,12793,0
0,102878,0
0,105763,0
0,9611,29235353
0,47694,0
90000000,10357,0
0,9977,0
16500000,816,67683989
36000000,2163,50159144
0,124680,0
0,16399,0
0,124843,0
0,31017,0
0,24645,0
0,49478,0
85000000,12499,0
90000000,18,263920180
0,68545,0
0,1811,27354
0,109614,0
0,60082,7553105
0,105045,0
0,53023,0
2000000,64802,2900000
0,11239,0
0,50850,479099
0,15321,0
0,2058,34673095
0,9450,0
0,125021,0
73000000,330,229074524
0,38523,0
0,16375,0
0,33660,0
0,59232,0
0,45671,0
0,17770,0
0,15170,0
75000000,1701,224012234
0,201445,0
0,26422,0
0,124642,0
160000000,1639,164508066
500000,49235,10300
0,106129,0
0,291634,0
0,107743,44000
125000000,415,238207122
0,47686,0
0,65889,0
0,11103,0
85000000,11970,252712101
0,34941,0
0,407992,0
38000000,8874,299288605
0,17991,0
0,11956,0
900000,266,528428
80000000,754,245676146
0,37567,0
0,43771,0
0,124834,0
0,249358,0
0,111367,0
90000000,607,589390539
0,18080,0
0,38225,0
28000000,17834,8345056
90000000,686,171120329
0,65046,0
50000000,4421,48169156
20000000,9387,79114085
55000000,10603,0
15000000,2142,44862187
60000000,8413,26673242
40000000,10336,87840042
3000000,20737,23144499
19000000,9413,44332015
0,14585,0
0,18519,0
0,49462,0
75000000,8834,136982834
50000000,9458,0
16000000,8854,1686429
18000000,38295,0
30000000,22073,0
0,37244,0
30000000,4961,25480490
0,9416,0
0,26180,0
0,17832,0
85000000,9772,315156409
20000000,6072,5716080
30000000,1669,199200000
2500000,468,0
0,32519,0
0,108401,0
35000000,10806,0
0,9433,43312294
50000000,6623,0
35000000,2118,126216940
70000000,978,131457682
27000000,9437,60527873
0,29461,0
0,56651,0
5000000,10351,15719109
0,66588,0
50000000,2649,109423648
60000000,14289,16000000
19000000,10155,6682098
0,75250,10082
0,20457,0
0,18355,0
0,33657,0
0,55306,0
18000000,68924,8038061
0,36434,0
250000,2255,12021272
0,28353,13960203
3500000,9427,257850122
0,172545,0
0,17589,0
17000000,3597,125586134
57000000,1813,152944660
16000000,36797,0
12000000,12628,4000000
1500000,33344,626057
0,25099,832735
0,45019,1
0,63437,0
0,62422,0
36000000,782,12532777
0,29911,14000000
0,9827,5624282
0,1959,0
0,251481,0
12000000,8067,0
0,125052,0
0,45153,0
37000000,10871,6482195
0,14398,5790448
10000000,10890,85300000
0,99002,0
18000000,1281,251212670
0,32332,0
50000000,9770,10541523
24000000,12616,2642983
0,34838,0
0,14905,0
0,14583,0
40000000,11975,45916769
15000000,4995,43101594
12000000,9281,68706993
0,45928,0
105000000,563,121214377
0,61337,0
11000000,19931,32861136
0,31535,0
6000000,10215,58000000
30000000,9823,51376861
60000000,37165,264118201
0,45609,0
0,38904,3309421
0,45565,0
48000000,9407,0
60000000,4824,159330280
53000000,9444,139804348
20000000,9414,13801755
70000000,8078,162000000
1000000,29938,0
36000000,11831,74000000
5000000,2895,0
0,39177,0
0,19601,0
0,124606,0
0,42832,0
0,22797,0
20000000,2639,10686841
80000000,9574,177977226
35000000,10371,31611225
10000000,489,225933435
0,167738,0
0,293820,0
32000000,9714,79082515
0,102406,0
0,170430,0
35000000,8197,25105255
38000000,6283,122417389
0,279698,0
0,49728,0
0,64562,0
24000000,4233,172363301
0,191874,0
5000000,10217,3263585
0,438108,0
200000000,597,1845034188
110000000,714,333011068
0,52537,0
0,12799,0
0,62394,0
80000000,9922,17626234
60000000,547,186883563
0,25994,0
12000000,184,39673162
28000000,9746,5684789
30000000,9438,0
15000000,115,46189568
0,26941,2465960
0,27103,0
25000000,9410,55494066
0,32302,0
0,216794,0
0,88863,0
0,154821,0
19000000,41417,0
0,12538,13035599
15000000,586,64256513
27000000,2666,27200316
0,46338,0
0,54007,7
70000000,11258,19870567
8000000,9490,17460020
0,9411,25232289
3000000,25719,302204
0,9033,0
0,11220,0
0,21253,310724
25000000,6116,100000000
45000000,9457,11203026
0,281289,0
0,43911,0
0,39424,0
0,44361,0
30000000,11702,19204929
0,2923,0
1000000,12238,91549
28000000,11568,14051384
0,41577,0
0,66894,0
18000000,11003,123306987
75000000,10153,13100000
0,49645,0
0,47112,0
0,102732,0
0,30949,0
50000000,2898,314178011
1000000,9558,2554476
0,83593,0
0,320011,0
0,26269,0
60000000,11808,102367405
0,6970,0
0,47452,0
0,18205,0
0,36943,0
0,21736,76447420
0,17941,0
0,10668,0
0,9313,0
27000000,42807,76000000
20000000,617,67200000
0,36568,0
0,37272,0
0,5910,0
65000000,9440,0
0,53092,168462
6000000,32911,0
0,44308,1081957
0,124821,0
1000000,32456,2057193
0,93350,0
0,62695,0
147773,32144,0
15000000,17127,46905889
24000000,40688,4562146
0,17133,271375
0,19848,0
0,17644,0
0,1774,720074
0,30265,0
80000000,2157,136159423
0,70581,0
60000000,8838,0
10000000,29193,13835130
55000000,795,198685114
8000000,16980,0
0,27472,0
0,47881,7985929
25000000,9469,21567853
0,12488,0
0,98499,0
0,81367,0
0,267,1535558
5000000,16148,1980338
9000000,21252,0
0,73135,0
29000000,9449,0
0,6264,0
0,90414,0
67000,188870,0
0,215373,0
10000000,78149,45779
0,15513,0
0,31220,0
0,13907,0
0,29825,0
12716953,10622,18814720
0,30020,0
4500000,17139,0
0,34582,0
35000000,10216,19165560
0,9771,3572443
0,24560,0
0,76330,425788
13000000,9448,27007143
0,38618,0
0,18316,0
0,78373,565592
0,77514,0
0,49474,0
0,4415,14096321
0,39467,0
0,55561,0
75000000,8656,140464664
0,209345,0
13000000,58680,8026971
0,35161,0
7000000,35796,0
40000000,18937,38172500
130000000,929,379014294
30000000,9452,29202884
18500000,1878,10680275
5000000,9844,5879254
0,40505,0
0,14342,0
0,9715,0
0,26610,0
0,20064,0
0,40961,0
60000000,1965,128038368
0,312,0
70000000,6068,164000000
10000000,15037,25605015
0,50043,0
0,37636,1929168
0,17044,0
0,60951,0
180000,21334,900000
0,416437,0
0,32284,24
0,51955,0
0,37410,1334786
0,47481,0
0,53765,0
90000000,10674,304320254
0,136134,0
66000000,846,189198313
0,12655,0
71000000,3050,294456605
48000000,1389,77745568
0,11020,0
0,20862,0
0,108548,0
1500000,9464,2375097
140000000,95,553799566
140000000,944,285444603
0,35680,0
40000000,11551,54682547
60000,473,3221152
0,102304,0
23000000,544,369884651
60000,10513,0
2000000,28966,0
379000,65203,4358000
1250000,143,0
0,42861,0
700000,33680,2594000
1180280,56164,7630000
1950000,12311,4460000
0,43277,0
0,43278,0
1644736,34106,7433101
1250000,43266,6000000
1344000,27367,13500000
0,17661,16300000
1250000,28580,11000000
2100000,887,23650000
2000000,33667,7800000
750000,23383,0
0,25430,0
4000000,27191,36000000
1650000,11426,30500000
910000,654,9600000
343000,15919,3000000
6000000,1725,43656822
1000000,5769,37600000
3900000,874,28350000
2000000,10633,27379978
10000000,17917,37402877
3600000,3116,44785053
1800000,1051,41158757
1000000,1366,117235147
8000000,12102,106260000
6000000,16619,0
5500000,9443,58972904
8000000,11050,0
31000000,606,128499205
23000000,746,43984230
25000000,380,412800000
7500000,403,145793296
1500000,11485,0
2500000,466,0
1500000,13820,2300000
225000,15389,0
25000000,13597,12729917
1000000,2108,51525171
3000000,10014,29999213
5000000,10072,44793222
7000000,10131,72500000
8000000,10160,22168359
11000000,11284,34872033
550000,4488,59754601
1250000,9725,21722776
4000000,9728,36690067
2600000,9730,32980880
2200000,9731,21930418
3000000,10225,19472057
2800000,10281,19170001
5000000,10283,14000000
300000,948,70000000
2500000,11281,25533818
2500000,10676,14400000
5000000,11357,17768757
5000000,11361,11642254
1000000,36599,14796236
0,39929,2683519
0,41828,0
0,41769,0
9000000,10585,44196684
13000000,11186,35763605
13000000,11187,20560255
10700000,609,122200000
19000000,11133,40996665
10500000,10306,14144000
8000000,9552,441306145
14000000,11586,30749142
0,11587,39024251
15000000,941,120207127
25000000,942,227853986
35000000,943,321731527
11000000,927,153083102
50000000,928,41482207
19000000,9340,61503218
95000000,9342,250288523
0,38509,0
0,60033,0
0,12101,3600000
92620000,19,650422
40000000,165,332000000
40000000,196,244527583
5000000,551,84563118
0,16084,0
0,17984,0
0,22328,0
0,32611,0
858000,3170,267447150
2000000,346,271841
14000000,859,34670720
40000000,841,30925690
7000000,11051,8373585
54000000,242,136766062
1227401,1411,1277401
62000000,9769,1060056
15000000,9424,17507368
10000000,9835,19000000
70000000,857,481840909
0,17539,2020700
0,44322,0
0,22777,0
0,20173,0
25000000,10957,21288692
20000000,9570,35841901
0,16249,0
13000000,13962,0
0,14612,0
0,19378,0
5000000,65157,8153677
0,29228,0
0,19379,0
0,11164,45610410
0,18887,0
0,40866,0
0,24736,12890752
0,10122,18564613
0,24816,0
14000000,9994,38625550
0,25445,0
0,12129,0
0,14140,0
28000000,10439,39514713
40000000,11158,58662452
32000000,9354,222724172
0,28736,0
0,34774,0
0,37969,0
50000000,9631,44547681
0,9820,0
0,14013,7027290
0,36606,0
0,96196,0
0,98505,0
160000,1779,6706368
15000000,10849,10631333
0,678,0
11000000,907,111858363
0,5961,4971340
0,47908,7218340
0,42121,0
0,2887,0
18000000,11974,36602000
0,20348,0
0,26648,0
144,11911,0
6000000,793,8551228
0,35144,2135577
4000000,9325,205843612
0,43037,0
0,10340,93600000
40000000,10144,222300000
10000000,10414,50752337
0,10437,27281507
15000000,15300,0
4000000,12230,215880014
0,13380,0
4000000,10693,87404651
20000000,11335,0
37931000,11135,47431461
1200000,11319,71215869
0,14822,16393000
0,15969,0
25000000,13155,11137801
42000000,10249,62000000
0,15943,0
6000000,10882,51000000
19000000,24808,5656087
0,19762,0
0,13850,0
8000000,2619,69821334
0,65158,3337685
4986,53565,0
32000000,41841,0
0,27332,0
17000000,97,33000000
0,10419,5632086
17000000,11675,55041738
0,2107,0
0,6471,73961419
0,9442,18196170
10100000,11591,0
0,13697,0
10500000,19158,11582891
10000000,227,33697647
28000000,87,333000000
4000000,123,30471420
0,9314,0
10000000,11336,20766616
10000000,9980,7433663
0,10657,0
5000000,10489,21200000
800000,10823,14000000
13800000,11497,27100027
30000000,2907,191502426
26000000,9454,65705772
73000000,8688,103891409
300000,118452,40542
0,16155,0
0,48894,0
7200000,23954,12729678
0,12761,0
7500000,396,33736689
0,14367,34368475
0,11814,38934048
18000000,16081,9000000
0,18331,0
0,15171,0
1000000,11837,3713768
7000000,11704,14665733
15000000,11639,40577001
9000000,4978,84542002
0,10380,40766041
25000000,11976,15502112
6500000,15144,23686027
0,11522,40471663
0,11557,37803872
15000000,13853,0
3000000,11415,0
0,37530,7800000
5000000,8393,60000000
0,11937,0
0,21661,10224116
60000000,9320,48585416
20000000,33644,37672350
5000000,14662,0
0,125124,0
0,115872,0
0,39930,0
111000,10692,0
3200000,805,33395426
27000000,34584,20158808
32000000,34636,16283667
90000,2182,0
0,28070,0
5000000,77469,4710749
0,10278,0
45000000,36647,131183530
0,17915,15
0,14557,0
0,9417,0
0,41469,0
0,19381,0
0,34637,0
15000000,4011,73326666
0,161795,0
1500000,1580,2200000
2000000,5854,7900000
3500000,573,12600000
4000000,2370,6000000
3000000,5780,13000000
2135161,506,7000000
1200000,22527,2000000
2500000,574,10250000
1200000,11219,7000000
0,30159,0
1200000,845,7000000
0,1978,0
13000000,3682,16757163
250,51942,203
0,46702,12413650
0,54795,0
0,46748,0
35000000,847,57269863
25000000,117,76270454
0,14577,0
33000000,37498,0
0,38621,0
0,59138,0
0,28047,0
0,4175,0
4258000,31667,0
1590000,13321,0
0,21734,0
0,31997,0
0,24197,0
1103000,11462,4500000
0,31995,0
0,940,0
0,2762,0
0,12684,0
0,2761,0
0,8208,0
0,52907,0
0,15007,0
0,36049,0
0,52748,0
0,75793,0
0,47695,0
0,31930,0
0,20213,0
0,543,0
0,36054,0
0,143750,0
0,52782,0
0,36055,0
0,36056,0
12000,2760,0
0,64398,0
12000000,10220,22921898
250000,431,501818
0,31641,33556
0,223318,0
0,69848,0
20000000,22796,18253415
25000000,22256,777423
0,37550,0
0,37916,0
0,21873,22482952
0,21500,0
0,84116,0
20000000,12626,51249404
0,37818,0
28000000,3525,103173635
0,129628,0
10000000,2321,21486757
0,2028,20036737
0,16384,0
0,91217,0
0,77314,0
42000000,10699,0
0,11597,23278931
0,218624,0
0,47947,30688860
800000,48311,7000000
0,44772,0
0,14347,18600000
0,41090,0
0,18282,0
0,18169,38702310
0,11082,18875011
20000000,5971,0
40000000,11933,8479793
0,20096,0
8000000,30815,0
40000000,881,243240178
38000000,4478,266614059
0,22318,0
0,53113,0
33000000,2109,244386864
0,122289,0
2000000,24746,124494
0,72987,1782005
0,193103,0
55000000,8195,41610884
14000000,9877,72527595
0,26618,0
0,21132,0
0,11855,0
25000000,24016,2075084
0,14785,399
0,14794,500000
0,3486,0
23000000,11071,0
15000000,1091,19629760
8000000,10403,21706101
10000000,11337,10389003
20000000,162,53000000
12000000,25723,0
0,73351,0
60000000,8916,171757863
0,28134,2197921
17000000,9429,30331165
85000000,12159,71485043
1100000,27791,631221
0,43106,0
947000,30197,0
11000000,10156,31672907
11000000,10377,64088552
2200000,3121,0
0,4975,0
1,37532,0
60000000,9713,0
0,134368,0
0,85837,0
0,1039,0
0,9821,0
28000000,4437,40400657
0,1890,31853080
5000000,1955,26010864
0,39437,0
25000000,11932,50671850
75000000,6435,46683377
0,108316,0
3000000,10683,2807390
0,63709,0
14000000,9445,0
0,2657,0
75000000,9425,14567883
0,32326,0
20000000,637,229400000
1000000,8675,0
0,125762,0
3500000,20701,16324573
20000000,9945,0
20000000,73,23875127
0,18603,0
12000000,46889,12902790
0,12888,0
10000000,3033,6451628
70000000,9882,116672912
23000000,10663,185991646
30000000,4518,82150642
0,1808,1053788
65000000,3600,40002112
30000000,17037,0
90000000,297,142940100
0,5332,0
0,21589,0
0,8336,0
9000000,11893,7936012
0,123056,0
0,12223,0
0,32081,0
4000000,14924,2826523
0,10002,5794184
0,41817,4100000
0,19426,752045
0,12560,0
90000000,9798,250649836
30000000,14444,100491683
120000000,9487,363258859
0,9466,0
2900000,666,5596708
10000000,2042,0
0,10162,0
1300000,309,0
12000,692,6000000
0,24018,0
1000000,1678,0
2000000,39256,4100000
0,1680,0
672000,244,10000000
23000000,10730,90614445
10000000,31947,4711220
5000000,8130,27400000
0,11532,24467000
8000000,9749,59612888
8045760,14628,35150960
17900000,9626,6948633
0,13698,36611610
10000000,10466,54999651
30000000,707,152427960
25000000,11954,0
4500000,9336,146198896
0,10157,55600000
0,12118,43579163
0,10587,28061343
0,11825,19510371
0,11895,11567217
90000000,9447,69131860
15000000,12257,10443316
3500000,37536,9247881
30000000,10029,9898412
0,27104,0
60000000,11252,37141130
0,8545,0
0,10223,0
27000000,9745,0
70000000,200,118000000
70000000,9837,218613188
9000000,11545,17096053
25000000,1934,289317794
0,110643,0
0,11881,0
50000000,13764,23717291
0,24951,0
0,8879,41410568
44000000,1369,300400432
15000000,1368,125212904
63000000,1370,189015611
25000000,10303,96773200
10000000,9326,86572238
0,10328,85313124
17500000,11285,25024919
7000000,1367,200182160
17000000,1371,270000000
31000000,1374,300473716
42000000,1375,119946358
15000000,15196,14643997
18000000,11904,0
0,215875,0
0,15596,91258000
0,13818,0
0,29968,0
0,44326,13418091
8000000,1885,90815558
113,8856,115103979
0,10495,38956288
27000000,5825,71320000
65000000,9489,250821495
0,16885,1214198
0,76857,0
52000000,8741,98126565
15000000,9276,40283321
90000000,9822,0
94,39314,0
50000000,10312,202292902
0,9441,0
70000000,9422,56702901
0,125582,0
0,24525,0
12000000,10368,21001563
0,11365,0
0,140897,0
6000000,31662,6330054
0,36136,0
0,1363,0
0,46992,0
20000000,825,3970078
0,22913,0
0,15556,0
0,28902,0
0,14709,0
75000000,9423,14010690
0,14443,0
37000000,10658,37962774
2500000,6917,0
0,40729,0
0,24086,7177431
700000,11815,3000000
15000000,9426,60629159
0,10344,38903179
0,15698,0
12000000,2620,15945534
85000,30497,30859000
4700000,16337,8025872
0,25018,5765562
600000,16780,185898
0,12151,71624879
0,25438,6797218
0,33278,8988731
0,274253,1
20000000,192,77200000
0,10945,0
18000000,10013,41382841
5000000,9671,328203506
0,9396,239606210
0,11038,0
0,12278,0
13800000,11873,52293982
0,18588,5186646
15000000,10015,42724017
0,12715,11949484
25000000,8388,0
30000000,45712,0
0,6187,0
0,8129,0
0,1618,0
0,10722,4367497
0,296543,0
10000000,10314,103166989
0,125548,0
7300,47139,13674
150000,11167,83957
0,170187,0
90000000,2112,161626121
6000000,16172,4398989
0,111794,0
0,9524,0
0,20595,0
0,16306,0
35000000,11622,40263020
80000000,10207,118880016
65000000,9849,36850101
0,82865,0
3000000,18892,3076820
0,13466,0
10000000,1542,12827813
0,43978,0
6000000,15256,6852450
40000000,8224,96618699
35000000,18417,0
12000000,12479,0
0,15031,0
0,15209,9090
12000000,26425,0
0,1847,0
0,42113,0
11500000,8913,57469467
8000000,10906,17092453
900000,25748,6980986
0,25749,0
0,8769,21200000
0,14742,21095683
200000,15856,0
10000000,10671,100489151
3000000,27932,47000000
6000000,7227,30000000
0,10670,0
14000000,5919,116000000
1500000,33518,0
0,40160,0
0,2362,0
9000000,10803,25000000
5800000,871,33395426
3000000,1685,18999718
1700000,1705,8844595
1700000,1688,9700000
2500000,1687,12348905
6500000,166680,0
7000000,11123,79666653
14000000,29723,13015688
0,31638,0
0,113286,0
80000000,9535,176885658
25000000,9455,15156200
10500000,796,75902208
1350000,100,3897569
0,47501,0
0,77936,0
0,84586,0
38000000,30943,28121100
0,107946,0
21000000,7341,17762705
30000000,10350,0
0,11772,0
13000000,9540,8038508
0,31503,3335984
200000,11773,0
0,30202,0
12000000,22345,36450736
0,53685,0
0,1567,0
75000000,1641,93888180
25000000,47288,12000000
12000000,10212,0
0,10354,0
0,11526,0
0,8583,0
0,123728,0
4550000,16520,21300000
0,16508,0
80000000,11374,0
50000000,16379,13260050
0,125123,0
14000000,28029,0
63000000,603,463517383
16000000,4951,53478166
0,65749,0
75000000,8970,29000000
500000,9840,0
0,186705,0
0,30950,0
250000,70687,0
6000,11660,48482
6500000,9430,28451622
25000000,11355,84565230
10000000,18764,8359717
10000000,9465,10920544
0,27455,6033999
0,1414,0
20000000,49981,0
80000000,6522,73345029
0,114719,94633
12000000,10209,0
0,25512,13936
0,143299,0
0,22826,0
2900000,1902,368234
0,445590,0
0,6396,299200
1,39964,100
33000000,12596,0
0,9451,0
15000000,1946,2856712
0,89522,0
0,42230,0
0,139445,0
0,74140,0
66000000,1844,212404396
25000000,6552,4152230
0,24584,0
0,213985,0
0,25471,1
0,4154,0
0,28519,0
1453000,3309,5638000
3000000,18462,14418922
800000,28941,0
0,18252,4122748
47000000,8592,103738726
80000000,564,415885488
786675,13852,861789
0,140519,0
0,25232,0
0,33194,0
11000000,10210,0
0,53862,9016377
11791,17962,0
0,9460,0
1500000,4927,870751
0,122190,0
115000000,1893,924317558
0,31342,0
0,44297,0
0,95627,0
0,8785,0
196000,15849,0
0,18990,0
0,29242,0
0,29243,0
0,31498,0
0,29239,0
0,15660,0
55000000,1924,300218018
54000000,8536,190458706
39000000,9531,75850624
17000000,11411,19300000
355000,138,1012189
0,30793,0
0,3103,0
291000,3035,12000000
0,3077,0
0,3074,0
0,3076,0
0,3079,0
0,32023,0
0,13666,0
0,29794,0
0,9077,0
1200000,36685,112892319
0,43391,0
5000000,30168,2091037
0,10785,0
0,19483,0
2000000,8974,2000000
0,29959,0
417000,11549,0
0,18158,0
0,27625,0
0,41516,0
3000000,17918,0
0,37305,0
0,18784,0
42000000,509,363889678
16000000,1090,18564088
0,24858,0
4000000,15059,0
0,55912,258464
80000000,12117,0
0,11779,0
0,41730,0
0,84198,0
0,100568,0
0,13533,0
8000000,62676,1997807
33000000,817,310940086
0,265966,0
0,91598,0
18000000,14283,9495408
150000000,37135,448000000
60000000,2275,149705852
0,68426,0
14000000,24137,18535191
9000000,10376,0
1530000,104,7267585
0,15800,0
34200000,9032,234801895
0,13821,0
12500000,9421,78599508
0,55955,408339
0,67067,0
31000000,6488,53208180
21000000,9473,0
170000000,8487,222104681
0,10279,0
0,125263,0
28000000,2767,0
0,78568,0
11000000,2105,235483004
21500000,1073,0
0,10239,0
24000000,10208,16290976
60000,2667,248000000
0,48958,0
65000000,345,162091208
27000000,9825,56870414
6000000,16158,25059640
4000000,133575,0
30000000,620,295212467
37000000,2978,215394738
10000000,10490,10571408
80000000,11618,91188905
75000000,332,0
450000,1812,2049595
60000000,8914,73648228
68000000,9824,29762011
70000000,4806,309457509
0,33430,0
320000,247,0
75000,10056,0
12000000,967,60000000
2000000,802,9250000
11000000,3175,20000000
0,147,0
0,1628,0
1884000,21185,1883811
0,11120,14302779
25000000,10136,79817939
0,32060,0
0,48686,0
0,48259,22905522
15000000,873,146292009
0,48660,0
0,26789,12303904
0,3934,0
2000000,108312,1301121
0,198469,0
24500000,11416,17218023
25000000,10776,38748395
30000,24452,0
0,9710,0
0,31924,25147055
16000000,30890,0
0,24081,9518342
0,20242,0
0,39074,0
0,66194,2750741
0,2115,0
0,23599,0
0,3526,5000000
0,41166,0
13000000,16406,27500000
0,197239,0
70000000,10386,23159305
40000000,745,672806292
48000000,913,124305181
4300000,912,0
0,12229,0
0,67323,0
0,91076,0
0,89861,0
0,19457,0
55000000,11353,0
25000000,17707,13000000
6500000,9781,4217115
0,102489,0
0,18212,0
0,13817,378667
0,126996,0
0,38715,0
6400000,48781,6
0,12185,0
350000,29056,1499275
250000,26857,0
200000,28501,2000000
0,29030,0
0,25319,0
0,29074,0
0,24103,8033397
0,10552,0
0,9267,0
6800000,10766,26518355
0,10768,20471382
3500000,813,83453539
0,2665,27150534
22000000,9406,26570463
0,11418,49364621
15000000,11153,61399552
0,14170,0
18000000,2280,151668774
0,11077,0
0,28597,0
0,22611,0
0,39780,0
23000000,10396,0
45000000,9944,195268056
0,850,19294144
0,10154,0
13000000,10342,8946237
45000000,10366,10667893
23000000,9349,0
0,15122,0
0,10494,0
0,126152,0
7000000,22314,14011454
0,51679,360895
0,35813,0
0,11037,0
0,11955,0
0,2038,0
0,28737,0
0,11963,27476252
0,141489,0
0,53761,0
40000000,9096,0
0,91893,0
0,113273,0
0,103793,0
160000000,1911,61698899
75000000,2900,19598588
70000000,17709,0
0,37718,0
0,47144,0
0,104896,0
0,30964,0
0,52366,458557
0,6373,0
70000000,2162,11263966
7000000,14578,7292175
0,40694,0
0,4338,0
0,49184,0
29000000,10307,50041732
12000000,11601,21133087
0,18621,0
0,1075,0
0,21719,370668
0,40879,0
0,47951,0
0,43832,0
0,47697,0
0,49792,0
0,77064,0
6000000,26522,21821347
340000,23761,0
0,24097,0
0,42114,6670680
0,28295,0
0,12105,0
15000000,14,356296601
1200000,24128,4978922
65000000,11001,117758500
50000000,10390,0
17500000,9453,23438120
560000,704,12299668
0,35122,45703
0,142132,0
1200000,24153,14363400
9000000,11797,24922237
0,18086,2983784
0,124475,0
0,17887,0
2000000,10669,46122355
11000000,11527,34967437
0,42848,0
0,40867,0
0,1049,140081992
28000000,28032,11373501
5000000,11326,34251525
0,28377,0
0,10975,0
15000000,10974,0
70000000,10398,177841558
0,2290,0
0,24071,0
0,62994,0
2600000,60994,614202
0,16112,0
0,32305,0
8000000,14429,22593409
28000000,15198,8888143
75000000,6415,108000000
1700000,24066,1943649
0,21430,0
0,10381,0
0,171982,0
0,42486,0
0,60285,0
0,5622,0
15000000,10349,10611160
0,42518,0
7000000,29787,5344577
300000,9638,11988469
5000000,10576,34725000
0,12662,14481606
0,61369,0
0,11712,0
64000000,12618,74608570
0,13824,0
2000000,226,11540607
0,288772,0
0,55107,0
0,69851,0
10000000,10388,3193102
0,17198,0
0,44857,0
6200000,9346,63541777
65000000,861,261317921
0,14412,24058838
6000000,9377,70136369
6000000,11541,1317657
0,2457,0
5500000,11901,15700000
1800000,4929,6800000
0,85325,0
0,11230,0
750000,8416,0
0,11054,0
0,851,0
0,24453,0
32000000,18254,40382659
1000000,56235,0
0,20123,0
0,16642,0
0,2593,0
0,42020,0
0,3086,0
689665,16305,0
0,32255,0
0,48797,0
1250000,19997,8500000
0,3767,0
6000000,17352,36800000
4000000,535,92921203
0,2731,0
5400000,1654,45300000
0,31043,0
1500000,14831,0
2500000,658,124881062
2000000,657,78898765
950000,646,59600000
4500000,5689,58853106
200000,391,14500000
3000000,8052,222559
18000000,772,358991681
0,65448,0
0,65452,0
17000000,31650,10278549
463455,73575,966878
700000,302579,10508
63000000,550,100853753
0,97537,0
50000000,12220,58900031
0,1610,0
0,53151,0
0,42881,0
0,29064,2400000
10000000,404,0
0,42196,0
5000000,36819,42365581
0,42726,0
7362000,9343,0
0,16858,37823676
0,42006,0
19000000,11562,18254702
0,10496,10
9000000,16162,34573780
32000000,8649,0
0,31306,0
20000000,10563,0
0,14484,239894
0,214735,2303
0,94857,0
0,32043,17037887
0,15247,0
0,29251,0
13000000,5548,53000000
35000000,5549,45681173
70000000,856,329803958
0,38772,0
28000000,699,195312802
32000000,709,156167015
7000000,253,161777836
0,13511,0
5500000,660,141195658
0,46798,0
19000000,11377,40846082
27000000,26149,14859394
13000000,492,22863596
2000000,108346,7
0,98480,33031
26500000,128,159375308
0,46286,0
0,8672,0
154790,8056,0
51000000,2020,36911617
73000000,9481,151493655
90000000,9008,60289912
0,14242,0
0,16129,0
0,104103,0
0,11489,266665
0,28145,0
0,51371,0
2000000,18111,0
0,31361,0
0,11223,0
8000000,16281,21028755
3500000,16288,14000000
900000,1694,2023414
2500000,476,4729352
25000000,37094,40903593
0,13555,0
750000,961,0
483103,73969,1027757
660000,24831,0
0,64963,0
0,85160,0
0,25560,0
5000000,21610,19905359
0,11878,0
0,11510,1382462
0,11234,0
22700000,957,38119483
15000000,11886,32056467
0,37853,0
12000000,62204,55260558
15000000,11040,31559552
0,21849,0
40600000,1621,90400000
0,14035,0
0,40771,0
0,40772,0
0,40773,0
0,11498,38016380
0,11790,0
0,29371,0
0,276635,822
20000000,47941,2297493
0,29048,0
0,19052,0
23000000,21349,18653615
10000000,1832,30652890
60000000,10047,66976317
30000000,10228,163644662
0,47692,0
0,18561,0
0,144953,0
0,37426,0
0,51787,0
0,11663,0
0,13485,0
10000000,9289,50100000
0,9264,0
0,18222,0
0,124853,0
25485000,11165,29548291
700000,4203,7179298
16000000,24226,53977250
0,88875,0
0,11379,0
0,29154,13994920
0,2039,80640528
0,77915,0
0,11943,0
300000,11481,0
0,2690,0
0,20565,0
0,27141,0
0,10399,0
0,90762,0
100000000,2668,206071502
135000000,36643,361832400
8272296,99,67872296
0,159569,0
0,77010,0
0,25898,0
0,9647,60328000
0,11787,0
133000,5156,361712
4000000,24276,1680358
0,11953,0
0,44662,0
0,29005,0
0,26371,0
750000,596,0
0,52470,0
0,20334,0
28000000,11393,47951979
0,31121,0
0,293,43440294
14000000,10998,320145693
15000000,12235,0
23000000,36094,5820015
30000000,9013,38413606
0,11005,52096475
0,59820,0
75000000,2924,152368585
24000000,177,41895491
18000000,38557,11500000
0,42087,0
0,13681,0
0,34760,442000
100000000,9946,211989043
90000000,863,497366869
0,31582,4488529
0,125520,0
38000000,22267,635096
312000,55123,1281176
0,5486,0
0,10411,46434570
0,41462,0
0,1718,0
0,28604,0
0,15506,0
23000000,20024,10827816
0,78256,0
0,13787,0
0,54933,0
0,9684,0
47000000,9586,15691192
0,41638,0
0,70801,0
0,33015,0
0,777,0
0,21887,0
0,5652,0
0,19664,0
0,32331,7467504
0,76083,0
0,32628,0
19000000,32669,10000000
0,18161,0
0,31681,0
0,33666,0
0,32274,0
17000000,10402,65535067
60000000,497,284600000
24000000,1715,88545092
0,35118,0
0,42739,0
0,26162,0
1300000,25188,29133000
650000,15515,0
0,75888,0
75000000,1439,0
100000000,2277,93700000
133000000,10137,300135367
0,10387,0
80000000,49948,90874570
37000000,334,48451803
14000000,30237,206128
10000000,50116,929606
0,46435,0
0,94260,0
0,22213,0
0,47070,0
0,36492,28623900
360000,624,0
0,26578,0
0,415072,0
0,43103,0
0,43194,0
55000000,9563,100230832
82000000,1850,47434430
45000000,926,90683916
40000000,1213,128798265
11000000,10471,59827328
50000000,10400,73956241
25,10397,13
24000000,20761,8434146
0,12524,0
0,28216,507941
0,36773,0
0,30814,0
0,10219,0
40000000,3558,0
0,104878,0
0,41276,0
7000000,17908,0
90000000,10384,14828081
0,125317,0
24554,48233,140021
0,10236,45000000
0,71067,0
1661530,632,0
0,11851,20324096
12000000,5924,53267000
0,33734,0
0,14886,0
0,26617,0
200000,11900,0
10000000,10493,7825000
0,16241,0
0,27632,0
0,22160,0
0,4460,0
0,9644,0
0,43455,0
4500000,13342,27092880
15000000,35119,6908797
0,21256,0
6000000,14919,5617391
0,14040,1400000
0,75641,0
0,17343,0
0,22692,0
250000,47620,609524
0,2990,29381956
0,38775,0
0,10831,0
0,21193,0
0,33078,0
0,16672,0
9000000,10472,0
0,123277,0
0,79474,0
0,97805,0
0,53714,0
0,21489,0
0,51392,0
0,32600,0
0,110479,0
0,299121,0
0,13005,6659377
0,65134,0
0,121738,0
15000000,18681,0
36000000,75531,3003296
0,20468,0
0,14521,0
0,46835,0
0,10406,40693477
0,14741,102000000
0,32015,0
34000000,1883,48169908
31000000,2005,231605150
38000000,6279,57319029
11700000,11087,88036683
32000000,7305,36733909
0,24735,0
31000000,9475,134095253
20000000,8872,121697323
0,8873,47965000
40000000,11287,107458785
45000000,9869,178051587
25000000,619,411006740
55000000,9374,149022650
60000000,11259,137783840
0,8293,25966555
0,11068,18472850
10000000,1923,4160851
0,10158,90753806
7000000,10206,16624456
4500000,11782,0
0,10086,0
220000,9367,2040920
0,9876,70611210
0,10326,128000000
0,16562,25105517
0,9609,5471088
1000000,12143,2019469
40000000,4234,161834276
16000000,9605,48017402
6000000,8374,30471
10000000,29076,1631839
0,80471,0
0,49477,0
0,121940,0
0,28156,0
0,113096,0
0,106837,0
0,24349,0
0,27841,0
40000000,1907,144056873
0,15489,0
30000000,15655,45554533
0,68546,0
0,36210,0
0,279444,0
200000,77908,1160268
0,22342,0
0,96484,0
520000,30062,0
0,62463,0
640000,25934,0
0,101383,0
26000000,14181,28780255
40000000,10385,36037909
23000000,2787,53187659
41300000,2069,106371651
0,61416,0
0,79515,0
0,14839,6521083
0,42186,0
9000000,28978,0
1500000,901,19181
0,25010,0
0,36208,0
250000,10098,2500000
0,18264,0
0,291861,0
0,33374,0
0,43368,0
0,127602,0
42000000,2155,32168970
35000000,11004,0
0,25212,0
0,36048,0
0,139,0
0,210307,0
6000000,47816,9000000
20000000,20682,0
16000000,25166,15427192
25000000,1831,24362772
60000000,10416,0
2053648,14271,500000
0,4816,0
0,19958,0
0,28569,0
0,2193,22587000
0,64871,0
0,54575,0
0,11016,0
0,23020,0
0,54195,0
0,139058,0
0,20423,770132
6000000,10839,0
0,36489,0
0,24481,0
12000000,11296,1400000
0,61651,0
24500,28172,4000000
0,57855,0
50000,28180,0
0,14280,0
0,72086,0
0,149687,0
1500000,29478,0
65000,28177,0
0,64166,0
0,73642,0
90000000,2067,60874615
38000000,622,58401898
0,110666,0
0,28463,0
0,12186,0
2300000,20283,20000000
9000000,5693,28607524
7000000,287,50888000
1800000,968,46665856
777000,838,140000000
0,16958,0
3750000,3114,0
0,31938,0
0,12501,0
0,22650,0
19000000,31618,0
0,42232,0
0,15873,0
0,26928,0
800000,68427,0
0,25392,0
0,67455,0
0,22178,0
0,48213,0
0,35412,0
0,43463,0
0,59939,0
0,159727,0
0,244151,0
0,8333,0
0,19259,0
40000000,820,205405498
0,11718,0
0,8989,49998613
0,32031,0
17000000,58048,0
0,26827,7305209
0,11157,0
0,28370,0
18000000,918,39321715
12000000,61178,5669831
0,11176,76657000
0,14900,0
8000000,11899,0
0,36536,0
0,18890,9317021
0,19736,0
0,123047,0
0,24575,0
1805000,16535,4905000
1680000,10971,0
0,23928,0
0,31336,0
52000000,462,256271286
23000000,9532,53302314
0,117259,0
0,78231,0
0,2383,138241022
0,25503,0
0,53879,0
0,1396,0
1850000,11570,0
16000000,1541,45361000
0,150043,0
0,17443,33300000
2700000,8469,141000000
0,27995,0
0,36739,0
6500000,925,37295445
10000000,41823,16153593
14000000,1713,32482682
0,26170,3110000
0,30547,0
500000,54825,0
3000000,13939,22000000
2000000,14373,45000000
9000000,24873,16945171
0,26263,0
5000000,34746,1702394
927262,996,2500000
0,9079,0
6000000,1496,1193062
13500000,1498,202000000
25000000,1497,78000000
21000000,1499,42000000
4200000,1880,38376497
8700000,33762,4865912
0,103960,0
1500000,11690,11806119
7000000,29143,20000000
0,35292,0
0,36652,0
13000000,801,123922370
0,104301,0
0,11520,0
4000000,1879,56666667
25000000,2085,91036760
0,13539,0
15000000,16222,9902115
0,109479,0
0,17078,0
8500000,37722,327418
0,75892,0
0,33516,0
0,99008,0
250000,9960,0
1,3082,8500000
0,49338,0
55000000,2102,0
0,52961,0
0,12187,16589540
2500000,24748,10000000
2000000,990,7600000
0,1908,0
4000000,9764,0
20000000,840,303788635
0,39890,0
0,42237,0
0,26689,0
0,25673,0
25000000,2291,25965144
0,13531,0
6500000,16620,54215416
20000000,526,18432000
6000000,13346,8200000
30000000,243,47126295
95000000,10501,76432727
15000000,11478,35007180
0,96167,0
0,24212,0
4653000,6644,6000000
0,41038,0
70000000,879,300854823
300000,32613,0
0,39406,0
0,85689,0
0,31624,0
0,17529,14250000
0,40841,157645
0,118098,0
0,1793,0
2300000,11327,35000000
20000000,1700,61276872
43000000,54087,13300000
13000000,34322,30867525
0,41659,27484464
0,593,0
3800000,10774,23689877
15000000,10083,35509515
0,29786,26079312
0,11356,44527234
3700000,10747,31800000
10000000,38809,5241315
31000000,10559,68106245
24000000,20697,12372410
24000000,2621,36609995
60000000,10479,71000000
0,125709,0
0,49721,369975
0,2006,0
0,184885,0
5000000,46625,0
5000000,17339,7230000
0,26879,0
2800000,11305,0
0,48211,0
0,28975,0
7000000,13665,95461682
6000000,12309,38435947
0,1552,126297830
18000000,106,98235548
30000000,10333,74787599
12000000,11027,0
0,61560,0
0,123757,0
0,27197,0
43000000,10468,0
7000000,1359,34266564
30000000,4967,37036004
0,31776,0
3800000,10557,28200000
0,27745,0
0,19214,0
0,46686,40717
0,71402,0
0,13776,0
1400000,26291,0
6000000,10784,0
980000,10242,0
0,27857,0
0,16347,0
5500000,4825,0
0,11654,5979292
6500000,10518,21709020
6000000,11977,39846344
14000000,18041,5108820
20000000,14736,27728118
62000000,3536,127666415
6000000,1443,10409377
20000000,10424,11390479
0,80677,0
0,28971,0
0,49096,0
0,310431,0
3000000,40562,0
10000000,9456,0
83000000,889,59468275
15000000,10564,33771174
7000000,15723,3728888
0,19600,0
0,125537,0
2500000,452,7235
0,68170,0
4000000,36234,0
1000000,39283,1753979
0,65460,0
0,55667,0
0,31978,0
0,12476,0
0,5241,1547397
103000000,98,457640427
34000000,21311,0
0,47724,0
600000,11129,4000000
0,94214,10
0,117781,0
0,1058,19910002
0,37112,0
0,42159,0
3000000,16395,0
0,50627,0
0,5608,0
160000,38925,4000000
0,13105,64783827
0,22501,0
44000000,5491,21400000
18000000,10560,17200925
0,19489,0
0,19419,0
3000000,23531,0
2000000,10688,1568749
0,17889,0
0,18228,0
0,80351,0
0,18642,0
0,205054,0
0,39391,0
0,18644,0
2111250,31516,0
0,45827,0
6000000,5683,40940662
0,113279,0
0,2094,3000000
0,14906,0
0,16176,0
0,52770,0
25000000,12518,0
127500000,10567,354248063
0,10642,0
16000000,9285,119754278
0,10569,0
2500000,21879,10000000
2000000,98502,458815
0,21484,0
0,24918,0
125000000,955,546388105
55000000,8584,56932305
0,47295,0
0,11332,0
30000,16093,0
0,29372,0
923000,962,2500000
1000000,5483,0
0,21060,0
2000000,30588,0
6500000,668,81974493
0,23518,0
14000000,691,185438673
0,31353,0
0,44018,0
34000000,698,210308099
7000000,682,97572000
0,28973,0
0,28974,0
0,40685,0
0,22994,0
0,40639,0
0,499,0
30000000,9600,173959438
0,120077,0
0,38006,0
4800000,2768,22743674
0,42002,0
0,40365,0
0,24920,0
0,21,0
6000000,10911,28900000
0,10102,0
0,30308,0
0,38688,0
0,26912,0
0,26278,0
0,26953,0
780000,26954,0
800000,26956,0
0,26957,0
0,26958,0
0,26959,0
0,26960,0
0,80287,0
0,6003,38901218
25000000,23939,10736401
0,46614,0
2600000,11072,119500000
0,23069,0
0,21299,0
0,38802,0
0,13368,0
10000,985,7000000
4000000,14002,0
0,541,0
100000,21137,0
0,36724,0
600000,938,15000000
0,10648,39768000
1500000,11368,0
13000000,10875,0
0,2075,26657534
26000000,1551,61489265
0,22500,0
4000000,10246,125728258
6500000,19698,33759266
9000000,23919,20518905
0,18835,0
2000000,26554,0
0,15239,0
0,28165,0
0,28169,0
0,15762,0
35000000,169,57120318
27000000,865,38122105
22000000,9663,28744356
0,26889,0
16000000,10128,32155047
400000,9659,100000000
2000000,8810,24600832
12305523,9355,36230219
20000000,1727,0
17000000,635,17185632
17000000,10068,6735922
15000000,11495,17080167
0,11428,30524763
7000000,10117,20256975
0,35936,0
0,25562,36489888
0,51763,0
0,73079,0
0,38921,0
0,35463,0
90000000,9679,237202299
0,24587,0
13000000,51333,299792
0,17771,0
0,31610,0
0,60005,0
0,10264,20710451
3000000,31657,0
0,29204,6000000
150000,17814,0
5000000,11879,0
0,21128,1543112
4000000,482,12121618
1600000,592,4420000
3000000,31593,0
5500000,12611,24000000
0,14328,0
0,32047,0
3000000,9040,29800000
1821052,25364,1300000
0,43002,0
3000000,5121,12800000
0,195,0
25000000,6978,11000000
0,3133,0
0,643,45100
16000000,10571,20627372
46000000,479,107196498
75000000,7450,36754634
3000000,31023,6000000
0,25636,0
0,41160,0
0,47439,0
0,207731,0
45000000,7443,224834564
51000000,2123,149270999
110000000,2024,215294342
76000000,17711,35134820
120000000,2133,325756637
15000000,29946,0
0,25993,0
0,28774,1919653
0,46929,0
600000,11598,0
35000000,9702,0
0,117026,0
0,9873,20603715
16400000,16820,0
0,14864,1293976
1500000,15379,22812411
2410000,12764,10755447
0,27352,6193901
0,8348,21700000
0,24099,12145169
0,17897,11000000
0,28050,0
2500000,16094,26386000
0,16096,0
68,20343,0
2000000,13757,0
0,11822,0
0,90980,0
0,26270,0
0,37744,0
2142000,494,1458000
1978000,493,10000000
0,12706,0
65000000,4244,69700000
19000000,4247,278019771
1200000,20770,2600000
0,1050,0
0,1052,0
500000,20540,0
0,23655,0
8200000,1788,80035402
6000000,32275,20400000
75000000,36657,296339527
0,44490,0
0,47585,0
0,1448,0
15000000,36047,5217498
100000000,2655,155464351
30000000,12599,133949270
0,33828,0
0,93,0
0,9278,0
0,90715,0
0,59181,0
3000000,22167,0
7000000,18118,0
3500000,11940,16000000
0,24167,0
35000000,10276,63710000
0,19380,0
107,13783,0
2000000,11624,18016290
0,15867,0
3000000,11686,20173742
0,29263,0
0,46754,0
0,18702,0
0,11830,0
0,16110,0
84000000,12107,123307945
0,10401,0
0,32640,0
65000000,10641,0
45000000,6282,113916474
95000000,9383,190213455
65000000,5551,128884132
0,277726,0
0,43079,0
1500000,27723,0
10000000,2360,26330482
0,28043,0
62000,33468,0
0,21866,0
6000000,33408,13609396
4000000,11589,5200000
3000000,15158,7282851
2500000,16139,0
650000,16146,0
3500000,26515,4385516
0,11856,33461269
350000,13567,0
0,10860,95904091
0,8420,0
0,18391,0
0,20850,0
30000000,39473,3180674
0,27452,0
0,77571,0
0,38548,0
0,20438,0
0,274868,0
0,2211,0
0,46991,0
0,201581,11532
40000000,10391,0
10000000,14195,0
0,15665,0
0,45905,0
0,10393,0
0,18168,151559
33000000,8843,104155843
1000000,10643,10037390
0,23618,0
0,117262,0
0,30946,0
12000000,37136,78756177
23000000,37137,86930411
0,23283,0
3100000,3110,20000000
3000000,14698,0
0,11694,20666667
0,47434,0
0,39891,0
0,76891,0
35000000,9651,14296438
0,26865,0
40000000,11398,30199105
0,161687,0
0,26244,0
28000000,1588,90449929
0,287821,0
0,19150,0
0,25128,0
0,18153,0
0,30910,0
0,41282,0
25000000,12211,15843608
0,137236,0
0,9995,0
0,1698,0
24000000,10480,0
0,80713,0
33000000,10685,0
8500000,1619,19125401
60000000,786,47383689
35000000,14805,0
0,51179,0
0,46119,26394
0,18074,0
0,170767,0
0,77332,0
0,27665,170832
0,29015,0
25000000,10562,260562
0,201724,0
14000000,12212,38574362
8000000,14629,0
12800000,16,40031879
0,13785,0
0,34299,0
0,15752,0
1000000,22597,1744858
0,19348,0
30000000,10637,136706683
1000000,9003,14564027
3000000,9064,12090735
5000000,11569,12534961
0,10434,810455
0,26484,0
0,39113,0
0,38126,0
0,53617,0
0,469,0
1580000,2160,7000000
5115000,2161,12000000
0,3073,0
0,911,0
0,10973,1300000
0,34077,0
328000,10787,0
0,43109,0
0,43230,0
1500000,15855,0
0,9507,0
0,27475,0
0,27764,0
0,27767,0
0,40760,0
0,40446,0
0,24664,0
0,21370,0
5500000,20455,0
63600000,10461,19412993
1814462,1485,0
55000000,1597,330444045
4500000,641,7390108
10000000,10687,0
0,63956,0
9000000,6521,0
12000000,10763,0
3000000,100975,0
24000000,16888,13700000
0,10383,0
0,21142,0
0,78140,0
750000,2134,0
0,18801,0
1000000,18498,35000000
0,28605,0
0,42797,0
0,13465,0
0,27033,0
30,20367,0
5000000,71,110000000
48000000,1636,90383208
40000000,10647,55707411
0,19204,0
0,13762,0
0,12207,0
0,11531,0
22000000,24100,13555988
65000000,10783,0
0,47302,0
92000000,4327,264105545
80000000,4958,39459427
85000000,9678,0
32000000,11978,48814909
80000000,8870,33463969
0,77434,0
0,14295,0
7200000,681,116019547
0,11372,0
82000000,8452,96085477
35000000,10862,36779296
123000000,8871,345141403
0,34045,0
30,16340,103
85000000,10481,183611771
0,10867,0
13500000,10876,7060876
75000000,9741,248118121
0,79920,0
17000000,146,213525736
35000000,11849,15185241
65000000,11983,0
75000000,11678,215663859
25000000,2669,8613462
0,20721,20345361
0,2609,49230280
0,12714,0
0,92603,0
40000000,708,191185897
6000000,1857,5849647
15000000,10673,43848069
14000000,2604,161001698
4000000,10132,3468572
20000000,11064,45833132
10000000,107,83557872
15000000,40820,21032267
0,37716,0
25000000,392,152500343
13000000,8859,73180723
100000000,11688,169327687
6,12509,8
70000000,3981,374111707
43000000,711,80049764
10000000,2046,12008642
0,5001,8524534
90000000,8358,429632142
60000000,5994,0
10000000,25520,5164404
45000000,1493,212000000
0,25660,0
26000000,134,71868327
0,62677,0
0,21991,0
28000000,10577,33000337
57000000,21355,0
0,29122,0
80000000,11973,34566746
48000000,1900,207515725
0,44853,0
8000000,10873,8279017
0,26719,2585639
4000000,31583,0
50000000,15739,57059003
10000000,15413,25196249
0,2623,129795554
12000000,11209,7900000
6500000,13715,2347000
0,19108,0
0,8043,0
0,43258,0
0,10655,25000000
0,75490,0
0,42261,0
0,34794,0
30000000,9989,18195610
0,18828,0
13000000,9816,91038276
1000000,20637,779137
35000000,5955,29400000
0,125498,0
0,77825,0
0,220976,0
0,66599,0
0,17474,2853801
0,11191,0
0,2613,22697691
500000,22021,0
500000,22048,0
0,17006,0
0,26333,18899204
11000000,16723,13276953
35000000,2018,94728529
0,31768,0
0,287991,0
0,47595,0
0,18856,0
0,10499,0
0,37949,0
0,83500,0
0,47943,3818452
0,74340,0
0,5709,0
0,11215,0
0,26477,0
3000000,10937,3221568
0,4639,4278150
20000000,96,299965036
15000000,90,316360478
0,11028,0
0,57240,0
0,67307,1700000
0,19324,0
2000000,19933,0
1800000,12919,31623833
10000000,15785,14000
2,31701,0
14000000,31563,0
0,12506,0
0,89992,0
0,70199,2413427
0,39507,0
0,62185,0
0,24826,10348437
0,30994,0
0,17159,50504655
35000000,10110,22238696
3000000,18935,23509382
350000,764,29400000
0,20287,0
0,26964,0
0,71881,0
0,15658,0
0,4918,0
0,28368,5262047
0,58084,0
0,52780,0
0,48149,183700
0,26156,0
0,34101,0
0,32054,0
0,14464,4215859
0,65501,1083282
0,32227,1749956
0,2614,25893810
0,40962,0
55000000,12704,14375181
23000000,580,51881013
0,24828,4916871
1,13703,12396383
0,36914,34377585
8500000,1547,32222567
0,42010,0
0,2608,9868521
0,32058,0
6000000,10019,42721196
22000000,11649,17336370
0,84499,0
12000000,13509,3769990
0,63639,0
0,30175,0
0,51521,0
0,34379,0
0,22915,3832228
14000000,24940,10424470
0,37302,0
0,10984,0
0,843,12854953
6,121091,0
8000000,318,0
0,12806,0
87000000,9740,351692268
22000000,10878,19351569
0,47588,0
0,10697,0
35000000,7093,0
0,16300,0
10000000,19405,44460850
40000000,1921,65754228
0,44412,0
0,21620,0
75000000,23685,5409517
62000000,12138,18720175
0,48217,0
57000000,6073,147845033
0,39180,0
0,35569,0
0,25208,0
1900000,82103,2070806
0,19513,0
60000000,2749,56359980
10000000,10050,0
0,17203,637769
0,168485,0
0,95682,0
0,54968,0
0,49929,0
0,2302,0
0,32686,0
0,13889,0
0,6028,11000000
0,51802,0
0,42148,0
0,29492,2510433
0,25447,343786
0,28410,0
0,38545,0
0,19490,0
0,31151,0
0,1888,0
0,38805,0
0,16618,0
20000000,2428,15473333
3000000,22013,10400000
0,15598,0
4500000,43332,0
10000000,62127,0
0,56137,0
3000000,17965,0
0,29067,0
0,33250,0
2000000,14460,11000000
4000000,17466,16853487
15000000,9594,30102717
0,35976,45000000
0,4986,0
23000000,2453,7434726
7000000,33676,1246141
31000000,4587,35419397
0,31004,4557214
0,125099,0
0,27859,0
15000000,11454,8620929
0,38718,15445131
7920000,4192,14560084
0,11607,8143225
0,14052,0
0,16889,22642033
0,39934,0
0,26580,0
19000000,21309,0
0,16263,0
2900000,4985,43008075
0,20704,0
1250000,23730,3412497
68000000,853,96976270
50000000,10877,79958599
0,5257,0
9000000,77,39723096
0,20322,0
35000000,10833,0
25000000,20309,0
0,125093,0
23000000,12658,0
35000000,10054,147934180
11000000,10646,23430766
21000000,2575,28008462
2000000,55,20908467
0,65075,0
0,44379,0
60000000,2043,105178561
53000000,4133,83282296
0,56715,0
16000000,10991,68411275
0,15940,0
1000000,26791,852206
0,44069,0
0,68894,0
25000000,634,281929795
17700000,10956,30987695
22000000,19366,0
0,136558,0
0,28308,0
0,9519,236185
0,13898,0
0,196280,0
21150000,9290,39438674
0,13166,0
0,32590,0
0,109472,0
0,153141,32395
0,52654,0
0,70282,0
0,47643,0
25000000,111,65884703
0,32488,0
94000000,10477,54744738
5000000,12484,0
0,2144,0
90000000,24113,10372291
0,118052,0
98000000,1734,433013274
0,38047,0
0,8076,0
0,4973,0
31115000,8095,71000000
27000000,849,16519460
0,27223,0
0,2981,0
0,39266,0
0,31863,0
17000000,11307,29712172
3000000,46498,0
3000000,11163,0
0,11035,0
0,18691,0
0,3784,22773535
12000000,78133,1703282
0,22829,0
0,35717,0
0,11936,0
40000000,25221,23202444
0,19494,0
0,40842,22228000
0,19357,24689703
0,33743,0
0,32924,0
2200000,9062,136400000
0,11174,0
0,934,460226
65000000,9476,117487473
0,37691,0
0,115810,0
0,10613,0
0,19094,1079726
0,14268,0
53000000,5852,29700000
60000000,808,484409218
0,49453,0
52500000,824,179213434
0,37558,0
140000000,676,449220945
0,88727,0
0,26813,0
0,29572,0
0,48109,0
0,291675,0
0,50541,0
0,26255,754935
22000000,22414,39071603
0,43329,0
0,42233,0
27000000,1406,179033791
0,13554,0
0,17664,0
0,66035,0
0,41050,0
15000000,1632,34604000
2000000,966,4905000
0,12639,0
0,301,5800000
900000,31527,0
0,4988,0
0,12623,18782400
14000000,11896,57915972
0,25538,0
0,17971,0
0,6498,0
12000000,5923,20000000
0,15497,3225000
5760000,21876,0
22000000,11090,84772742
45000000,14034,0
0,21056,512451
80000000,9397,98376292
102000000,9705,147080413
0,26475,0
0,56934,0
0,29937,0
0,49922,0
18000000,10364,24911670
650000,32458,0
24000000,1089,83531958
0,38043,0
0,9967,27900000
23000000,17494,57138719
0,17465,0
0,759,0
0,10297,0
90000,29393,5000000
1800000,10653,0
0,21468,0
21000000,9576,177200000
0,22323,0
6250000,31935,0
0,126881,0
0,52616,0
120000000,10865,186053725
115000000,1995,274703340
70000000,10808,176104344
38000000,9799,207283925
100000000,644,235926552
16000000,16161,29381649
13000000,10691,16929123
0,10615,0
0,47596,0
0,21488,0
0,59733,0
0,271462,0
5000000,11826,0
0,24470,0
0,9301,0
0,11444,0
0,15564,5471376
2365000,60670,0
0,55551,0
0,40880,0
60000000,10992,93375151
25000000,2140,64437847
45000000,4248,141220678
0,17612,0
0,3134,940944
0,34899,0
0,8217,0
0,22478,0
0,26483,0
0,24382,0
18000000,11286,72179579
0,11950,28078073
0,12236,3077361
0,36245,0
0,43342,0
2686000,15875,6600000
0,26573,0
270000,23439,1450000
0,10728,0
0,5991,0
3200000,11697,8000000
4500000,6106,0
0,22477,0
14000000,19200,2735731
0,11300,8362969
0,16211,0
0,28650,0
0,42780,0
0,32569,0
0,20075,0
0,28430,0
0,28794,0
0,20197,21134374
0,43316,3100000
0,34689,0
0,25690,0
0,10238,0
0,18929,0
0,4789,0
0,32595,0
0,18030,0
0,18988,0
4000000,11536,8200000
4500000,10339,10400000
0,39875,0
0,50031,0
0,976,0
0,69605,0
0,65632,0
0,29471,0
0,4780,0
0,11906,0
100000,11713,0
0,9589,0
100000,12481,0
0,13333,0
10000000,13938,25754284
16000000,10540,17374595
130000,9462,85000000
0,82623,0
137000000,2114,85131830
18000000,8835,141774679
68000000,11371,71069884
0,78248,28
0,9517,480811
0,25985,0
5000000,15745,5476060
0,24977,21268532
0,36107,0
0,113271,0
0,58904,13651656
0,103489,0
0,13794,0
0,13795,0
0,103488,0
0,73482,0
0,38965,0
0,47817,5979011
0,31052,0
0,10868,0
7500000,9395,18869631
46630000,14506,8083123
4000000,5333,670774
0,4281,960040
0,2,0
0,26044,14681192
4000000,59797,9797098
0,14911,3184348
0,15592,57041866
0,15267,0
0,12710,0
0,30502,15122000
20000000,19382,51684798
0,24679,0
19000000,9599,8247943
8000000,94440,784990
0,17170,0
0,18509,0
3512454,110428,115860
0,34604,12277096
0,14441,8674093
20000000,7520,171504781
6000000,10126,46616067
39000000,9602,288752301
0,23752,0
0,41952,0
2000000,3980,13167232
4500000,10127,3813293
0,12702,0
0,27397,16262415
0,9748,12706478
5000000,40095,0
20000000,10651,0
0,10141,42039085
0,27362,0
0,5680,5596267
6000000,26386,28202109
0,34053,0
0,25884,3527636
0,26355,17514553
20000000,10675,17637950
0,38982,0
22000000,10130,0
24000000,2617,43455230
0,38615,0
0,21362,7399763
9000000,30690,6436211
0,75889,0
0,38500,0
0,26723,0
0,20443,0
0,49365,0
2500000,11347,1189315
12300000,12144,84460846
8000000,13704,22433275
0,12505,0
0,41963,0
0,13482,0
20000000,34014,0
0,29739,0
20000000,12120,13854000
0,47818,6264058
12000000,38617,7242035
0,3543,3587303
8000000,51321,1893139
29000000,9604,34994648
6200000,24929,9205924
4000000,10925,14237000
0,13965,0
3500000,24266,20659423
0,58434,187349
0,18197,2835116
0,70842,331000
0,38909,8892589
0,17126,8
7000000,11503,19595031
0,38558,0
0,9717,29300000
0,11966,21630088
0,2605,40697761
0,8740,0
0,25497,1791328
16000000,38560,4594452
0,50203,3790493
0,26798,0
0,91445,0
0,41428,0
4000000,8337,13008928
0,47493,0
0,8463,4865997
5000000,41974,0
0,28176,0
15000000,9493,216614388
0,26603,0
0,33172,0
0,29095,808114
0,12582,0
0,10001,0
31000000,11352,74134790
1000000,12500,10499694
0,25678,0
0,25682,0
0,32049,6500000
5000000,45225,117463
10000000,1648,40485039
30000000,4105,45892212
0,22711,19131000
0,19124,2692037
0,69828,0
0,53150,0
22500000,10142,18671317
0,3064,0
0,86093,0
500000,10134,10166459
19000000,21291,19738015
0,4925,8125592
0,30352,0
0,15142,0
0,14550,28890240
0,32075,0
10000000,2210,3916303
0,25005,0
0,21721,4786789
0,116014,7754571
0,11828,0
0,55699,0
0,10551,12195695
16000000,20713,2420917
0,27461,0
0,41969,0
0,1380,2777280
0,19157,0
0,11465,0
0,17190,0
0,55059,0
30000000,9085,60864870
0,17819,0
0,46786,0
0,14776,0
0,59585,0
18,32855,0
0,29185,20047604
0,39787,0
0,32059,0
20000000,505,7237794
0,4486,0
17000000,10345,78247647
1500000,10222,14697005
0,12774,0
0,14621,0
0,19118,0
25000000,14372,15704614
7000000,15138,793775
24000000,9972,22099847
7500000,9494,296000000
0,17362,3960327
11000000,9942,49797148
750000,8216,0
0,4296,0
3000000,24739,1145404
0,39197,0
15000000,9686,0
12000000,27418,15942628
8000000,39002,16093651
0,43345,0
0,31606,0
0,27607,0
0,37146,0
0,20006,0
9000000,8867,0
16000000,12663,4192440
93000000,331,368780809
0,11467,0
12000000,327,15250000
7000000,1548,0
0,13403,0
100000000,869,362211740
0,552,0
20000,36095,99000
0,33379,1443067
400000,196859,43719
0,47574,0
5000000,2171,295206
0,87462,0
0,20307,0
0,19142,192816
0,41946,0
15000000,10135,30050028
0,32767,0
0,56162,0
0,24254,3169719
787000,19236,0
0,32261,8800000
0,60276,0
19000000,12150,110879513
18000000,11185,46908987
0,47045,12065892
0,18683,0
5000000,12521,16554699
0,12478,0
0,49788,0
0,31083,401421
0,30666,1519796
0,25155,0
0,65015,0
0,24077,0
55000000,9618,63408614
0,16560,9114702
15000000,31608,40590000
0,22102,0
0,6951,71079915
5000000,11959,0
15000000,2616,79258538
2000000,7091,725131
0,249,0
7000000,11342,0
6000000,183,14278900
0,32330,0
0,24126,0
0,8494,0
0,26535,0
0,41784,0
1000000,27431,0
58000000,2148,25928721
0,42033,0
7500000,11308,0
0,23239,0
0,53119,100544
0,31941,0
0,19317,0
35000,27813,0
0,57745,49501
42000000,2057,35402320
37000000,9880,165335153
90000000,5175,347325802
0,21596,0
0,41951,0
0,11385,0
0,4484,20424259
0,11684,6950125
0,44414,0
0,44258,0
20000000,20391,31678778
0,12584,8091910
0,70042,0
0,1627,0
15000000,11542,19853892
0,17169,70687344
0,39176,0
0,33214,0
0,19267,0
30000000,2770,287553595
75000000,12610,13596911
0,1933,0
35000000,13496,13678913
0,21055,1051948
3000000,24936,0
7000000,80070,0
1500000,10972,373967
0,207541,0
57000000,1722,62112895
48000000,9896,85498534
0,26665,0
0,125707,0
0,9683,0
0,2779,0
22000000,2294,33788161
28000000,10016,14010832
34000000,26602,19693891
0,37920,850225
0,22230,688510
0,206412,0
0,13966,0
0,742,0
0,248757,0
0,15104,4574762
10000000,8922,59217789
0,11065,16017403
0,21118,261603
1000000,46727,0
0,16314,0
0,18885,0
0,40508,0
0,5922,0
350000,27346,0
1900000,34223,4790926
0,16307,0
0,27681,0
40000000,11370,27053815
57000000,12508,16991902
0,14033,0
6000000,25462,0
0,223346,0
0,34714,0
0,47161,0
0,106230,0
0,35176,0
700000,18734,1667192
0,44321,0
0,26661,0
0,5998,0
0,58062,0
30000000,2176,23619609
32000000,20857,40222729
0,22617,0
0,75386,251058
40000000,2185,8493890
22000000,10696,5271666
45000000,2034,104876233
0,21538,0
0,51722,0
0,101860,0
0,48834,0
0,30379,0
1000000,31016,2402459
0,32567,2452566
0,12537,2689068
0,9028,0
0,16180,0
0,11521,0
0,21028,0
0,27327,0
0,35200,0
0,21242,0
0,29756,0
0,82523,0
8000000,20115,0
0,30295,0
0,25767,6000000
0,33725,0
0,22874,0
9400000,11576,60000000
0,43860,0
0,43802,0
0,9660,6800000
725000,15393,10600000
2900000,248,5000000
0,40885,0
0,25905,0
0,21148,0
0,1644,0
0,12502,0
3000000,66092,0
0,10373,0
18000000,13766,9697739
0,16380,0
50000000,12103,100020092
31000000,11313,24185781
28000000,9398,60780981
0,35066,0
0,45864,1
0,55372,0
0,292947,0
23000000,10866,36642838
12000000,34549,17292381
28000000,9778,77516304
0,34453,0
0,58429,0
4500000,16121,7206220
300000,40220,0
0,166,0
0,42787,0
0,1623,37121708
0,40932,0
0,32027,0
0,13550,12000000
0,13612,41675194
15000000,16769,67182787
0,42158,0
0,27958,0
0,86463,0
0,31703,0
0,1716,0
0,27059,0
0,20681,0
1000000,57743,0
75000000,3172,67631903
11000000,17708,23978402
0,12780,14681661
0,570,0
15000000,1018,20117339
0,25641,0
0,16767,0
0,102933,0
10000000,11380,7316658
0,27396,0
0,26299,0
4000000,984,35976000
0,15559,0
9000000,14811,83304330
0,21741,0
0,77670,0
0,55727,0
0,15560,0
0,9585,0
25000,14267,0
0,45929,0
35000000,768,74558115
72000000,2100,27642707
48000000,11091,35743308
0,3173,0
0,27092,0
0,23941,0
0,18192,0
0,11845,0
0,9081,3176880
48000000,167,50315140
0,34043,0
0,9378,0
0,27444,0
6000000,141,1270522
0,10034,0
18000000,11457,0
0,10778,0
0,78657,0
0,67385,0
0,151727,0
75000000,11456,54249294
115000000,585,562816256
49000000,10796,72700000
100000,23949,490475
35000000,11088,0
40000000,9889,141069860
0,140511,27
0,133115,0
0,45964,0
0,32014,0
7000000,13408,10229331
125000000,671,976475550
0,17731,0
6000000,20794,2025238
0,11469,0
24000000,14369,14782676
92000000,1535,143049560
4500000,1433,6459020
1700000,1999,0
0,58098,0
0,78076,0
0,87774,0
0,23847,0
180000,50785,0
0,12472,0
0,42258,0
0,11834,0
14000000,16085,52223306
0,27405,0
0,269,0
0,16441,14056528
0,11422,0
9000000,31037,0
0,40739,0
2000000,10656,390659
0,32847,0
424,39938,0
0,38766,0
0,43510,0
0,35284,0
0,14584,0
0,58886,0
810000,72277,1258000
0,5781,0
0,23805,0
0,34388,0
250000,39867,0
6500000,11033,31899000
0,69716,0
0,37835,0
0,33356,0
0,3537,21202829
0,38922,0
0,27145,0
0,8738,16647800
0,28614,0
35000000,3604,27107960
0,6974,0
0,26398,0
0,42218,0
9000000,10649,46236000
0,42566,7496681
5500000,17689,26414658
0,34084,0
0,15983,0
5000000,14854,12232628
0,10847,0
0,33525,0
0,27591,0
0,299,0
16500000,31945,0
0,42160,0
22000000,10650,67642693
40000000,8007,91753202
0,19076,0
0,81442,0
0,50562,0
0,13503,0
85000000,161,450717150
0,43774,0
0,31064,0
750000,31682,0
1012153,8342,0
0,55479,0
0,4886,0
0,228,0
0,23111,25100000
0,42597,0
10000000,194,173921954
16000000,11397,66468332
68000000,1903,203388341
0,11889,0
0,28171,0
0,9523,0
21000000,9428,71441250
0,1649,0
0,11938,0
0,43143,0
0,35201,0
0,42724,0
25000000,24264,5778353
4500000,27150,10500000
15000000,26978,16500000
0,19209,300859
12000000,8386,31155435
25000000,12589,80936232
38000000,12312,0
0,11232,0
93000000,120,871368364
72000000,11086,37317558
60000000,453,313542341
0,18939,0
0,12724,0
0,11414,0
0,31507,0
0,42612,0
0,18783,0
850000,12593,0
0,14683,0
1500000,10794,0
0,43136,0
0,45491,396003
0,5052,0
3000000,37257,9000000
107000000,8489,87713825
92000000,855,172989651
0,12660,741394
12000000,10269,30400000
19800000,5279,87754044
22000000,10950,92542418
4000000,1365,44909486
0,6440,0
0,14580,0
0,49410,0
0,28296,0
15000000,24206,76382
0,6037,0
0,42987,0
0,61418,0
0,27099,0
0,11857,0
29000000,6312,70752904
38000000,11595,153518974
0,24166,0
0,26337,0
0,59066,1155000
0,77985,0
0,77074,0
22997992,10170,0
0,18317,0
0,98491,0
0,26686,0
0,61934,0
0,27273,0
18000000,848,14110013
18000000,9610,100000000
1200000,15035,760883
0,16127,0
0,31603,8894289
0,32020,4400000
5500000,33155,4865000
40000000,4965,0
0,11891,0
33000000,11888,0
12000000,150,78868508
0,35263,0
0,112,0
0,125717,0
0,20678,0
15000000,15050,10219460
14000000,10423,63513743
0,11710,0
0,17691,0
0,27378,0
0,57976,0
3500000,651,81600000
0,31955,4385312
0,20620,0
6000000,18647,4300000
35000000,11362,75395048
32000000,2637,55157539
11000000,10229,41227069
344,50819,4
0,12659,0
0,41870,0
0,35650,0
14500000,9606,95789342
0,11447,0
0,16550,0
555000,13915,0
6500000,34723,0
13000000,31674,22030000
0,52744,11129057
0,43340,0
14000000,20009,6413915
13000000,2084,0
0,50225,0
5000000,74692,0
180000,39775,0
750000,51044,0
0,29475,0
0,4267,0
0,4031,0
24000000,47871,939423
0,11594,0
0,19562,0
15000000,11870,52970014
85000000,9884,78382433
0,11535,0
0,27593,0
50000000,11212,16671505
0,29887,0
0,32484,0
0,28345,0
19000000,69928,11000000
0,21921,0
0,21845,53579269
0,11528,32416586
0,2441,0
1500000,931,0
12000000,17130,61141030
70000000,10592,32287044
36000000,8470,102244770
20000000,16690,109862682
3000000,39939,18492362
17000000,9272,44456478
0,14778,0
0,19137,0
1558000,32499,0
0,8737,0
0,33668,0
0,39282,0
0,40687,0
0,37230,0
0,993,0
0,11698,0
0,41357,0
0,42458,0
0,93427,0
8000000,14475,11715321
0,43715,0
60000000,10052,52322400
35000000,11979,45479110
0,75151,0
0,35868,0
0,13791,0
0,27824,0
0,270306,0
0,9991,0
0,480,0
0,44340,0
0,18984,0
0,25006,2106838
35000000,23479,35323292
0,66946,0
0,19050,19104350
0,38442,0
0,108266,0
0,108267,0
0,39387,0
0,15999,0
0,614,0
0,56133,0
0,121703,0
1000000,77955,0
17000000,2752,0
75000000,10590,114660784
0,40723,0
0,29039,0
0,22910,0
0,42517,0
3500000,40364,0
0,115332,0
0,13225,32710894
0,21380,0
45000000,46717,21355893
0,63510,0
1000000,20465,0
23000000,35614,71368
0,7219,0
0,35810,0
0,18649,0
0,18646,0
1202007,17058,2948386
14000000,13950,25482931
80000000,2135,123729176
2000000,15186,2506446
0,43997,0
0,31651,1494399
0,47869,1030938
0,965,0
0,33135,0
0,10889,4059673
0,16149,0
0,54287,6000000
0,25628,0
0,65262,0
44000000,10935,3484331
0,44004,15934737
0,22288,0
0,32030,0
0,119617,0
0,29343,0
0,39503,0
0,7988,0
0,15310,0
120000,17909,0
0,22130,0
35000000,26843,0
0,27458,0
0,14807,0
10000000,14729,15795189
0,46973,0
0,8690,0
0,39543,0
0,39578,0
0,3418,0
3000000,30924,0
0,14929,0
0,75552,0
0,18910,0
0,24919,0
0,26200,0
0,24825,18971000
0,38147,0
0,24032,41687243
0,26179,0
0,4499,0
0,11333,0
59000000,425,383257136
33000000,1576,102984862
85000000,5851,77741732
0,25014,0
1000000,15647,10013424
0,25110,0
0,38880,0
5000000,1391,33616692
0,18172,17233166
0,24248,0
0,14605,0
0,19797,344
0,17804,0
0,31805,0
0,13861,0
0,29021,0
0,31812,0
7,13006,5
0,28213,0
14000000,10627,35856053
0,42750,0
0,27930,0
0,259557,0
0,28124,43995918
0,41034,0
0,11563,0
0,15119,0
0,55792,0
0,12705,66132626
0,11006,126737428
0,15120,5678950
0,40072,0
0,21629,101300000
0,16026,5010362
0,2371,0
0,73134,0
54000000,36586,155010032
12000000,6020,0
0,39541,0
0,125764,0
0,18292,0
0,29394,0
0,112942,0
0,90974,0
0,29402,0
0,29396,0
26000000,15028,38793283
55000000,9275,0
48000000,4547,196397415
20000000,14635,75597042
0,29135,0
3000000,1791,9801375
0,184835,28149
0,41756,0
0,35651,0
0,62956,46352
0,116904,0
600000,22784,0
0,40814,0
0,53426,0
0,24585,3333306
0,17990,0
0,129542,0
0,5678,0
42000000,11560,63781810
5000000,11452,38275483
0,18435,0
0,35944,0
0,64310,0
0,25501,0
0,26851,0
0,17487,0
0,34276,0
250000,548,96568
0,11590,28000000
45000000,1537,94935764
11000000,12149,13110448
0,44373,0
43000000,11812,68696770
7000000,35080,3646994
6000000,441,705308
5000000,8346,368744044
0,14168,0
4000000,32617,0
1000000,31671,16000000
0,2565,39404261
0,307,0
0,15482,0
0,45878,0
0,6393,0
0,12154,0
0,11630,0
0,25133,0
0,21970,5000000
50000000,11892,56714147
60000000,9334,165333180
0,36093,0
0,35694,0
0,10491,15705007
0,70054,0
0,18323,1347988
1500000,18079,0
0,110989,0
0,35337,0
0,59199,0
11000000,11470,16951798
40000000,16643,16872671
0,1282,0
0,21220,0
0,52717,0
0,69324,0
18000000,11468,676698
0,292917,0
120000,19085,14904
0,73462,1304192
0,26030,0
0,10164,27575086
0,42048,0
0,62001,0
18000000,28117,5546827
0,40555,0
0,28384,0
106000,46691,19319254
0,27094,0
2278264,26725,0
15000000,17168,0
9000000,48482,10364904
0,56179,0
7000000,5203,0
0,13201,0
16000000,9689,0
139000000,557,821708551
0,69850,0
0,44768,0
0,1815,0
0,55106,0
0,28289,0
0,32037,0
300000,39154,0
0,24767,0
0,33796,0
7500000,32221,6266621
0,28466,0
14000000,12227,34793160
0,43643,0
13000000,10985,0
50000000,2251,119137784
0,2894,0
0,20712,1008404
860000,11240,2451545
0,46592,0
0,45186,0
0,86483,0
0,5425,0
0,14117,0
0,38360,0
0,29318,0
0,28907,0
0,39771,0
27000000,245,129000000
120000000,1894,649398328
1500000,4012,416925
0,9026,0
0,42193,0
5,15417,85
0,11791,0
0,28577,0
0,13963,321952
0,23102,0
38000000,1957,51801187
46000000,320,113714830
80000000,9023,122563539
0,27834,0
0,17734,0
0,24010,0
0,39435,0
0,24005,0
0,44800,0
0,24014,0
0,24008,2000000
0,53229,0
0,1936,0
68000000,4614,193000000
25000000,12277,41604473
0,267345,0
0,112991,0
0,15677,0
0,58455,0
0,36554,0
0,48216,0
0,41165,0
10000000,13153,14356479
1000000,811,0
0,43532,0
0,163907,0
0,7216,0
70000000,3132,65977295
27000000,9583,0
0,18408,0
1934000,13245,3786801
60000000,2501,214034224
84000000,9637,275650703
115000000,12100,77628265
0,16857,0
0,52258,0
0,10394,0
0,27451,0
5000000,15813,0
0,31591,0
0,18905,0
0,14774,0
0,4993,0
0,27052,0
0,34130,0
0,38950,0
0,17898,0
0,21635,0
5860000,27945,12000000
0,43139,0
18000000,30194,3900000
0,10169,0
0,27225,0
1600000,13909,5400000
0,103299,3206713
0,41805,0
15600000,35696,0
80000000,11544,145771527
102000000,180,358372926
0,9555,0
0,57022,0
0,17710,0
50000000,2022,171269535
250000,50035,4186931
0,9719,0
0,11982,0
0,27224,0
17000000,12251,0
0,88818,0
0,30114,0
0,70489,0
30000000,21972,0
140000000,608,441818803
10000000,59387,11411644
0,26290,0
0,17043,33082548
60000000,6278,43061982
80000000,4147,181001478
0,16664,0
0,14651,0
0,96238,0
0,15096,0
0,19731,0
0,20324,0
19000000,49370,12918858
0,14902,0
0,42254,0
100000,1842,22000000
0,2721,83305
13000000,11442,37664855
0,1364,2628241
0,8869,0
100000000,8665,35168966
120000000,10996,169956806
63000000,818,296655431
35000000,18357,0
40000,29047,1434436
1900000,45861,240093
150000,39141,2891288
0,33152,0
0,149445,0
0,10309,0
0,6404,0
0,19133,0
0,43199,0
0,43915,0
0,24130,0
0,43445,0
0,36645,0
0,5155,0
0,23728,0
0,3780,0
0,10786,0
9000000,8764,20458340
0,13908,0
72000000,2675,408247917
0,12308,0
38000000,9488,119723358
8000000,9962,16856124
50000000,9573,26199517
70000000,7451,277448382
0,2750,0
0,30586,0
0,61112,0
0,92384,0
0,43772,0
3000000,20337,19184015
0,27062,0
0,34070,0
0,6173,0
0,10305,0
0,42337,0
0,18694,0
0,74578,0
0,10081,0
0,11484,30000000
100000000,11692,7103973
25000000,9266,51842679
0,3640,0
50000,8653,21075
25000000,30072,10113733
12000000,9357,52223306
29000000,12771,16930185
0,9296,19576023
20000000,15070,12398628
0,26942,0
0,206042,0
0,26895,0
0,60608,0
0,146231,0
0,97447,0
0,11243,0
0,19975,0
15000000,10323,41092328
26000000,9595,181096164
0,28319,0
0,46878,0
0,24750,0
0,31393,0
0,24038,2955917
8500000,79783,250993
14000000,9941,62134225
0,18639,0
1000000,39833,9000000
0,32858,0
0,3127,0
0,10859,0
0,32825,0
17000000,10725,10626725
40000000,9544,18902015
0,23967,0
0,57351,0
4800000,26165,0
0,31514,0
0,13571,0
0,26056,70569
40000000,13536,22433915
8500000,20616,34411240
0,96218,0
0,79319,0
0,16806,0
90000,15516,0
0,9299,2647055
0,113369,0
12000000,10611,75781642
0,12770,0
21000000,4108,43928932
0,55903,0
0,46466,0
9000000,9685,4777465
0,87481,0
0,16370,8041049
0,18913,19740070
24000000,14361,22518097
0,41021,0
0,18943,0
0,32685,0
0,64079,0
700000,18477,0
230000,12262,25000000
0,33506,0
0,29515,0
0,41582,16453258
0,50382,0
0,42633,0
200000,26680,0
3000000,34086,15369573
0,11504,0
0,23470,4916135
0,977,0
0,233,23000000
0,19049,0
0,5506,0
0,32961,0
0,32568,0
0,29698,0
0,22244,0
0,19460,0
0,575,0
70000000,10550,19924033
10000000,9034,0
35000000,9093,29882645
30000000,9039,6916869
8000000,1958,0
0,23550,215339
0,68569,0
0,318535,0
4000000,11013,9304609
15000000,129,274925095
0,54714,0
30000000,11529,180622424
0,10771,0
0,38951,0
1800000,55018,0
0,44635,0
21000000,31005,10011050
0,72308,0
0,50123,249204
15300000,2110,0
0,15173,0
78000000,9533,209196298
0,38866,0
0,4107,773228
11000000,10575,0
0,47500,0
0,15720,0
1200000,9260,0
0,21828,2415396
0,1682,0
150000,39462,0
650000,18983,0
0,41971,0
0,33831,0
2500000,24348,589244
0,19140,0
0,82545,0
33000000,37606,1132112
0,34600,0
0,39128,0
226188,11868,0
0,12921,0
0,19953,0
130000,53049,799674
0,10772,17277
0,77079,0
0,74899,0
0,120694,299171
0,12719,6488144
0,25001,0
0,43438,0
0,3092,0
0,4989,0
0,15313,0
0,12590,605562
8000000,37964,27362712
15000000,7501,12000000
4000000,1809,0
15000000,13768,19158074
0,10994,0
4000000,1430,35564473
0,19973,2744253
0,40815,0
0,12600,28023563
25000000,8051,17000000
0,70443,0
10000000,12779,598645
0,146269,0
25000000,15992,10719357
28,1613,14
48000000,565,249348933
7000000,14112,2062066
0,41324,0
0,15192,0
0,49872,100477
3000000,21925,13308
0,30309,0
0,16646,6723732
0,37288,0
0,20861,0
48000000,12647,0
3700000,12477,0
3000000,10285,15938065
0,19403,0
3500000,11009,237113184
22000000,10805,64892670
0,40064,0
0,17496,0
3500000,40969,0
0,76411,0
0,5917,0
0,31278,0
0,33670,0
20000000,47942,3763988
0,33076,14155617
150000,44932,0
20000000,15668,22471595
0,30709,0
12000000,19429,40716963
0,140413,10000000
10000000,21294,6892098
0,11340,0
0,42142,0
18000000,11644,12000000
0,33721,0
0,36133,0
1500000,24124,0
0,34697,0
0,8691,0
0,53922,9566593
0,66592,0
0,6399,0
0,25773,0
0,19123,0
0,26560,15578237
0,36220,0
0,225,0
3000000,24274,216166
2500000,33016,0
0,26444,0
0,19114,32492674
0,17205,0
0,24740,13277558
0,10863,18000000
0,31679,0
0,15900,0
0,12237,0
0,15901,0
0,15902,0
0,15904,0
0,97251,0
0,12579,0
0,85058,0
0,23668,0
0,70971,0
0,25113,0
700000,28893,0
3000000,11646,11740000
0,5062,0
0,24634,0
0,75963,0
300000,16124,1400000
0,21764,0
0,22435,0
6500000,42149,566736
0,37936,0
10000000,73247,2154696
0,38255,0
2000000,46364,0
0,27016,0
0,35685,0
18000000,38665,2945600
0,265,0
0,2264,0
0,21874,0
0,41394,0
0,47957,0
0,31407,0
0,16471,0
0,63443,0
62000,22171,0
2200000,39874,0
0,25468,0
8500000,19507,29916207
0,29072,0
0,75596,0
0,42146,0
22000000,17450,9171289
0,47886,1198346
145786,31646,0
300000,14269,0
2800000,41280,26279000
0,1672,0
0,35935,0
35000000,9645,68349884
5000000,9012,64282312
0,13098,3090862
0,13440,0
9000000,12454,0
15000000,31668,23000
0,41645,0
12000000,1360,56298474
0,13441,1260761
0,45767,0
0,14626,0
0,48155,0
12000000,12208,41744718
2000000,11905,0
0,39497,0
4000000,1941,21750000
0,26685,0
0,31918,0
0,19662,0
70000000,8427,33561137
65000000,9021,172855065
0,277415,0
0,28988,0
0,52735,0
16000000,13526,109130
35000000,9280,16838910
41000000,65,215000000
0,117520,0
13500000,10712,29027914
0,27204,0
0,152023,0
13000000,10167,0
100000000,672,876688482
0,16351,0
1800000,542,0
500000,36584,0
0,30192,0
2000000,33251,0
0,25466,0
0,50677,0
11000000,2165,0
0,25037,0
0,11617,0
0,24909,0
0,81530,0
7500000,34341,4245870
0,18993,0
0,53000,0
0,29229,0
0,11880,0
0,63435,0
0,80849,0
0,1377,0
0,11629,0
0,2528,1942423
0,12716,0
0,12717,0
11000000,13888,2807854
0,48524,0
0,10750,15073942
1000000,44247,0
0,45226,0
0,96966,0
0,25566,0
0,109962,0
0,13386,0
1750000,43089,100000
0,47888,10217873
0,20472,0
4100000,9538,14225876
0,14664,35610100
0,27997,0
0,49934,0
0,84735,0
0,9317,0
0,12528,0
14000000,47890,439564
0,69014,0
0,21515,0
0,42371,0
0,26325,36565280
0,69169,0
0,31921,0
0,11524,4300000
5000000,109264,2028612
0,32077,0
0,326890,0
0,277724,0
140000000,36669,431971116
0,17187,0
20000000,10426,33526835
0,32625,0
30000000,8198,27674124
0,204372,0
9285469,64,51001550
0,13376,23833131
40000000,15074,10959475
47000000,2103,30002758
140000000,9016,109578115
17000000,16028,0
0,27070,0
0,5261,0
0,15514,0
17000000,23303,0
0,20992,0
0,66091,0
0,6007,0
650000,25239,0
0,42453,0
2500000,25284,0
0,125337,0
0,7011,0
0,35612,0
600000,10880,0
4000000,13945,39103425
3500000,14433,8000000
60000000,9932,55003135
4000000,13369,18591272
19000000,2757,32801173
20000000,7299,5359645
0,78022,0
0,279784,0
0,32273,0
0,26356,0
0,23990,0
0,4241,0
0,37335,0
0,34113,0
0,22257,0
0,35343,0
0,30142,0
10000000,17360,27453418
0,31695,0
0,76397,0
20000000,40952,8178569
0,38849,0
0,71524,0
0,43279,88000
0,29743,0
0,41760,0
0,31665,1736123
0,40219,0
0,45840,0
35000000,16363,69701637
22000000,22023,0
0,171,0
0,73116,0
0,26639,0
0,42124,0
0,25297,0
0,39274,0
4300000,11564,0
850000,67772,840000
0,4202,0
0,17590,0
0,20787,0
350000,28940,0
20000000,13497,57588485
0,11852,35081550
55000000,7303,154906693
60000000,201,67312826
30000000,2755,105834556
0,33504,0
0,21868,0
0,65684,0
0,10856,0
0,99826,0
0,18602,0
79000000,121,926287400
0,25838,0
15000000,1429,13060843
12500000,13435,23367586
100000000,3131,193772504
60000000,2642,93354918
35000000,14317,0
6500000,11022,12633747
0,24249,0
0,9491,0
30000000,2149,13273595
0,20139,0
0,32074,1501785
900000,19067,0
0,53712,0
1750000,25848,2200000
0,14931,0
0,11317,0
16500000,4032,0
0,8392,0
0,31804,0
130000,81048,1596
0,12232,0
6000000,11706,12500000
0,61265,0
0,42569,0
0,25720,0
70000,26946,0
0,16938,0
750000,21143,0
0,61578,0
0,20424,0
0,4561,0
0,4435,19000000
0,16993,0
0,18002,0
0,21332,0
52000000,640,352114312
40000000,10599,41323171
45000000,1574,306776732
25000000,590,41597830
11000000,13560,0
0,29339,0
35000000,423,120072577
110,28028,0
0,41084,0
0,18773,0
15000000,16225,0
0,28679,0
20000000,262,0
0,15395,0
30000000,4912,33013805
0,107693,0
0,23626,604856
18000000,12090,101564935
0,44233,0
0,35172,0
0,36273,0
0,14390,0
0,41209,0
20000000,9582,17432163
0,10628,0
0,11078,50097949
0,77633,0
3300000,598,30641770
0,99885,0
0,15842,0
0,24711,0
0,43886,0
0,11222,0
0,13199,0
120000,8073,182857
0,26393,11690
0,15278,17953778
0,1484,0
0,14667,0
0,47263,0
0,18692,0
0,15734,0
0,34148,0
0,20813,0
0,53027,6166819
0,18894,0
0,26252,153936
0,24742,8622757
0,19415,0
0,41927,0
25300000,5968,0
0,10727,0
0,9045,0
0,9082,0
0,92348,0
0,80965,0
0,14469,0
0,55909,0
0,20663,0
0,31916,0
0,61807,0
0,20639,0
0,7514,0
0,42645,0
3000000,29463,0
0,42795,0
0,39349,0
0,44164,0
24000000,12253,23510601
26000000,9358,90426405
0,1647,101191884
0,9027,0
0,125945,0
0,21189,0
500000,10894,150277
0,28528,0
0,34783,0
0,34374,0
0,12490,0
0,26761,0
0,35185,0
0,15802,0
0,39948,0
0,8286,0
0,43028,0
0,65300,0
0,24129,0
0,4628,0
0,4193,6110000
18000000,10724,70687344
0,89571,0
0,32065,6660333
0,11915,0
0,42136,0
0,28307,0
0,37917,0
0,70011,0
0,37191,0
0,210092,0
0,3028,0
0,29224,0
0,81001,0
0,8219,0
0,27088,0
0,10150,6455530
0,20980,0
0,16407,0
0,41913,0
300000,30875,0
0,29450,0
0,27380,0
0,8288,0
0,15600,14000000
0,52083,7241180
0,124963,0
0,11949,0
0,42134,0
0,79257,0
0,42130,0
0,42131,0
0,41291,0
0,84784,0
0,23942,5588800
0,72340,0
0,32692,0
0,37997,0
0,27609,0
0,25872,0
0,83562,0
0,127,0
0,14645,0
0,27726,0
0,42135,0
0,21923,0
0,1563,30878
0,17132,0
0,59533,0
0,2262,0
0,52772,8100000
0,46925,20225989
0,77073,0
0,76395,0
0,37607,0
0,30874,0
0,30363,0
0,49409,0
10000000,32048,0
0,48139,0
0,30584,0
0,48313,0
0,48249,0
0,29702,0
0,24830,16894678
750000,30049,0
0,9699,9056073
0,48561,0
0,30789,0
0,81346,0
0,11057,0
8000000,47955,0
0,19322,0
0,31661,0
0,52556,0
0,38219,0
0,23943,0
0,26454,0
50000000,9919,177371441
50000000,6038,88323487
78000000,9480,179179718
20000000,14873,135680000
0,13132,0
0,22707,405331
0,18302,0
3500000,1956,0
0,12112,5126264
0,50380,0
0,212058,0
35000000,12139,117270765
0,118936,0
4520000,18587,7175592
0,24883,9800000
2700000,17264,37799643
0,3426,0
3500000,2984,2000000
0,33221,0
0,59201,0
0,26172,0
0,26173,0
0,33055,0
800000,33364,6792000
6000000,33851,1432687
0,31598,0
1640000,59401,0
0,22233,0
0,4952,0
1500000,991,0
15000000,4911,9237470
56000000,16072,12923936
50000000,11615,38955598
24000000,11635,87055349
0,125806,0
0,77283,0
0,35824,0
0,102,0
0,14293,0
0,41820,0
0,105024,0
25000000,10623,56489558
0,9613,0
0,7015,0
0,210938,0
0,42035,0
8500000,21867,0
0,49680,0
0,6524,0
30,11244,0
0,77233,1221366
0,140071,0
0,21801,0
0,35139,0
0,54845,0
0,23834,0
0,14633,105656
20000000,10678,132675402
70000000,9567,85632458
0,979,792
0,13819,0
0,1591,0
0,24186,0
3500159,455,76578641
55000000,10632,34234008
22000000,10929,0
0,170400,0
0,16229,0
2000000,12079,0
0,44081,0
5037000,36362,14483352
1000000,4762,0
0,18535,0
0,23159,0
850000,27236,0
0,42459,0
0,43261,0
0,15347,0
0,44968,0
0,37258,0
0,8996,0
0,125413,0
0,17729,0
0,12157,29888235
0,11571,10000000
0,71142,0
0,10293,0
1200000,2671,8690429
6000000,9669,18686644
0,45129,2080046
8000000,42618,20000000
0,41164,0
1250000,66027,0
250050,36211,0
20000000,9557,8586376
68000000,6171,75715436
0,13691,0
0,11523,15614000
0,114065,0
0,14675,0
18000000,2525,0
0,57447,0
0,42695,0
0,49845,0
0,18992,0
4100000,29912,36000000
29000000,28881,5519569
0,80243,0
50000000,10782,42792561
60000000,9341,74208267
0,9776,0
0,10735,0
0,16425,0
800000,25461,2816116
0,51927,97000
0,12516,0
0,1675,17808
0,62184,0
0,17057,0
0,41938,0
0,79615,225358
0,40718,0
0,42178,0
0,203252,0
0,6016,0
36000000,8409,44350926
13000000,1817,97837138
0,284096,0
0,11299,0
0,17995,0
7500000,21052,209151
0,7294,0
75000000,9506,195745823
0,14290,0
13000000,24982,17040871
7000000,2662,16829545
0,12093,0
0,18941,0
0,42383,0
52000000,11817,0
0,24621,6126237
6000000,13370,18750246
20000000,8326,0
0,13411,0
35866397,11516,20217080
0,10180,0
2200000,994,3251794
0,66918,0
6500000,10514,12376563
0,14237,4352094
0,1714,0
0,14308,0
0,41461,0
0,9930,0
0,32083,0
0,107569,0
7000000,16651,4720371
0,57565,0
0,108553,0
0,12661,12416686
0,29355,0
24000000,24961,21049053
0,26866,0
26000000,31633,12454768
0,20978,0
3000000,47762,9563393
0,47329,20240128
0,10743,0
30000000,2832,90259536
0,31459,0
0,19153,0
0,31932,0
0,38868,0
2500000,72996,57862
0,15098,0
20000000,11458,0
0,16636,0
17000000,18736,55534455
110000000,36658,407711549
1000000,46989,464000
0,20689,0
0,13438,0
0,15394,0
60000000,10708,164433867
0,22016,0
0,85472,0
0,22958,0
0,15850,0
0,251053,156021
0,10989,0
0,1816,14202899
0,42017,0
0,17667,0
0,17464,0
0,15259,0
0,10515,0
0,45069,0
0,117269,0
0,21024,0
0,42792,0
0,43232,0
0,22201,11750000
2000000,11424,0
0,34857,0
150000000,604,738599701
1596010,55616,0
35000000,10720,20298207
0,51230,0
0,23423,0
5300000,1555,3897799
0,33875,20867919
80000000,310,484572835
0,5146,20440627
0,30055,0
0,12544,0
94000000,12,940335536
60000000,9654,176070171
12600000,9902,28650575
0,2260,3117985
0,61939,0
0,18385,0
76000000,584,236350661
0,39125,0
8000000,1088,41400000
0,5921,0
0,47423,4303351
0,49798,0
0,43239,0
0,32140,0
0,14676,0
0,78281,0
0,21717,0
275000,29425,0
30000,28503,0
0,59950,0
0,5920,0
0,51391,0
0,26593,0
0,50285,0
0,33564,0
0,43361,0
0,6646,0
9000000,29514,0
0,38720,0
0,147729,0
0,38732,0
0,15462,0
0,22386,0
0,43828,0
0,11145,61801971
0,32328,0
0,47715,0
0,29586,0
0,12629,0
0,111815,0
0,25381,0
0,38800,0
0,21027,0
0,37264,0
35000000,11890,23562716
0,36807,0
0,18721,0
0,37662,0
0,11916,5050000
0,14551,0
0,34759,0
0,51426,0
0,42986,0
0,26317,0
0,43490,0
0,40683,0
0,8092,4104962
0,18200,0
0,15925,0
0,32087,0
9000000,290,6153939
12000000,11463,0
0,2470,0
0,42640,0
0,44043,0
0,30462,0
0,1403,0
0,10243,0
0,42541,0
0,37103,0
0,46059,0
0,40085,0
0,47684,0
0,2263,6263883
3500000,6523,0
0,2527,0
0,18780,0
5000000,19728,0
0,26205,0
0,3009,0
0,6643,0
0,18972,0
0,53380,39842
0,14817,0
0,41426,0
0,41791,0
0,49842,152961
0,41670,0
0,30708,0
6000000,38765,0
0,29627,750000
0,98984,0
0,36372,0
0,30529,0
0,24073,11359129
22000000,2071,11511031
0,43516,0
0,33638,0
0,57476,0
0,32489,0
0,48864,0
19000000,10152,39267515
12000000,31246,4922166
75000000,11375,51142659
0,20694,0
0,16311,0
7000000,24985,0
0,18300,0
0,55735,0
0,185465,0
0,210728,0
0,39088,0
30000000,17813,15368897
0,94996,0
0,42995,0
0,115665,0
0,4708,0
0,35068,0
0,42511,0
0,35669,544476
0,49584,0
5000000,170,82719885
120000000,9471,259175788
0,12800,0
0,44562,0
0,9581,0
0,117179,0
0,15486,0
130000,216,0
2500000,47676,764083
0,45139,0
0,44736,0
0,18569,0
0,113739,0
575,52758,0
3520000,38171,0
0,61225,17530973
35000000,18886,0
3000000,24109,0
0,19957,0
0,42176,0
0,39231,0
0,18722,20000000
151000,43039,8000000
25000000,40634,0
0,20645,0
3005000,33454,6746000
0,19753,0
0,48451,0
0,11482,0
0,70912,667
0,42492,0
0,6949,0
137000000,1927,245360480
45000000,10327,124914842
60000000,14411,26288320
200000000,296,435000000
7800000,302,22441323
140000000,22,655011224
0,46993,0
78000000,8698,179265204
0,554,0
0,61545,0
0,34840,0
0,17920,0
0,40947,0
0,32235,0
130000000,8961,273339556
0,17403,0
40000000,9486,160583018
0,20439,0
0,3472,0
0,35265,56878
0,25921,0
0,24259,0
0,41453,0
0,68927,0
0,11894,0
0,20726,0
1500000,24558,5585154
0,12649,0
0,44916,0
0,24356,0
95000000,1996,156505388
87000000,4464,148336445
38000000,12279,197011982
15000000,9104,0
0,33339,1628154
0,47232,0
2750000,71714,0
4000000,54580,146402
0,4613,0
0,12530,0
13000000,45096,0
0,21882,0
0,29805,0
0,24993,1250712
3500000,53021,0
3000000,430,4000000
0,123833,0
10000000,5185,1500000
0,10553,14393902
0,21512,882290
0,21449,0
0,4984,0
55000000,8273,231449203
54000000,8046,7266209
0,50350,0
0,287811,0
0,48967,0
0,8094,20957001
0,26195,0
26000000,10330,110230332
0,125952,0
80000000,9257,116643346
0,9499,12991996
0,17180,0
0,15292,0
0,12491,0
0,41660,0
0,78041,0
0,27814,0
0,41206,0
0,33954,0
0,48364,0
0,71010,0
0,23395,0
0,47278,0
0,24192,0
0,10237,0
0,833,0
0,26755,0
0,42470,0
0,3101,0
30000000,6466,114908830
0,20210,0
22000000,2055,68296293
0,11770,42776760
20000000,14926,37095657
0,2771,6003587
0,1778,0
0,44408,0
0,54390,0
28000000,10923,58795814
0,17745,0
0,79888,0
1200000,114776,0
0,21989,0
658000,18573,23800000
0,37451,0
6000000,41759,12974636
4000000,37227,0
0,48791,0
0,80047,0
0,41944,0
0,8992,0
0,35371,0
350000,19053,17343596
4000000,11206,11000000
0,49762,0
0,30970,95242
8000000,13154,2275557
0,18148,0
0,54898,0
777000,636,2437000
5000000,3055,50000000
200000,40920,0
0,54986,0
0,43048,0
0,11898,0
0,26225,0
0,14881,6330000
6000000,26198,3661757
0,35072,0
0,43226,0
0,44585,0
210000,35073,5000000
0,9051,74865517
11000000,9362,48572000
500000,19542,0
0,120683,0
0,936,10878107
6000000,12268,33833201
10000000,10999,57500000
0,33521,0
800000,4593,0
0,34044,0
0,12276,0
0,3782,55240
0,36629,0
0,2891,0
0,12722,0
0,41806,2000000
0,143795,0
0,38304,0
0,26246,0
0,124839,0
0,20815,0
0,19433,0
0,99006,48752
0,48464,0
0,7504,528972
0,513,501533
0,6619,0
20000000,32316,1675706
41000000,10610,0
14000000,2830,0
0,15920,0
1000000,21413,0
1200000,38874,0
0,16405,0
0,33255,0
0,178675,0
0,99648,0
17000000,11351,63102666
0,333,0
0,30246,0
0,112961,10550
0,22200,0
0,2722,0
20000,27090,0
0,13778,0
35000000,9616,11560806
0,55015,0
5000000,1415,742898
0,31094,0
1500000,11547,30553394
62000000,7270,65565672
29000000,1428,98185582
0,17906,0
4000000,153,119723856
0,66111,0
0,33320,37641
0,15136,0
0,61054,0
2000000,4703,0
0,29507,0
0,27590,8800000
0,52734,0
0,14603,0
0,10617,3826459
0,10618,30399676
0,10619,27540561
0,11293,0
18000000,36759,0
0,38960,0
0,19383,0
0,53650,0
0,40775,0
12000000,9584,22765081
3500000,8408,34000000
24000000,14030,33208099
0,49685,0
40000000,2687,14358033
9250000,16323,29174648
0,39859,0
0,41846,0
0,74585,0
0,23325,0
0,16790,0
0,31579,0
0,40353,151203
0,23033,0
3200000,19064,10000000
0,34564,458996
0,25241,0
0,43041,0
1355000,28942,0
0,37025,0
0,10739,0
0,12767,21384035
15000000,22309,30238577
0,13156,0
22000000,277,95708457
1000000,9707,0
0,38244,0
0,24488,0
0,278813,0
0,20321,0
0,36791,0
0,61401,0
0,17614,0
40000000,7288,19322135
85000000,10159,80916492
18000000,10934,58878723
0,287816,0
0,54243,0
0,5653,0
4361898,321,3031801
0,20,9726954
0,18113,0
1000000,5168,0
8000000,9662,1477676
5952000,837,2120439
0,20303,0
5200000,19666,8100000
3000000,821,10000000
0,41834,0
118,37672,19
0,1358,0
0,2200,0
0,11475,0
8847685,776,0
0,40440,0
0,16563,5000000
0,11703,0
8500000,891,70600000
0,83714,0
0,12531,0
8000000,10881,8826094
0,11832,4398938
35000000,51300,0
0,11806,147214049
15000000,10438,118243066
0,36349,6637565
6500000,650,57504069
30000000,10337,49114016
0,8446,0
0,42570,0
0,9874,49042224
0,11477,0
18000000,37753,21591728
3800000,29161,0
3000000,21627,0
6100000,9501,0
0,49291,0
0,4543,0
7700000,11046,21000000
0,11707,48143579
19000000,7442,174999005
9000000,14425,4350774
10000000,6723,21633874
700000,13343,0
25000000,16969,38348988
11400000,11338,6700000
0,13339,3685862
0,28761,0
0,25237,0
8000000,41780,10400000
5000000,9871,0
2500000,33258,15014674
0,71940,0
0,26850,221295
0,70709,0
0,36855,0
0,20238,0
0,33783,0
0,163549,0
13000000,47898,3721911
0,19171,0
0,48345,0
0,11364,0
1000000,38135,0
0,55950,0
0,39916,0
0,31634,0
0,43739,0
0,45203,0
0,14874,0
0,32082,0
18000000,25269,6375979
0,29449,0
0,37943,123572
0,33633,124693
0,86763,0
5000000,78146,858250
10500000,88641,123509
500000,30315,17000000
0,13765,0
0,12772,0
0,47866,1345236
3500000,18900,13007551
0,73265,989000
0,17744,0
0,62124,0
0,3087,0
0,14282,0
0,11502,0
0,29451,0
23000000,21219,20246790
0,116094,0
50000000,2116,55495563
35000000,1584,131282949
0,28236,0
0,40945,0
0,19555,0
500000,2056,8679814
5000000,4997,2466444
0,8439,217201
25000000,322,156822020
17000000,21765,0
7000000,11059,13818181
60000000,11775,119940815
30000000,24,180949000
0,54973,22278
0,10930,0
0,21059,0
0,49475,0
60000000,11329,80154140
9500000,9373,107071655
300000,1550,0
0,5493,0
7000000,28200,10000000
17000000,10629,1569918
12000000,10944,23
35000000,9839,0
32000000,13920,52277485
48000000,4256,220673217
100000000,10009,0
3000000,1807,10012022
0,33343,0
0,30141,0
3000000,10536,0
0,14157,0
0,67809,0
0,42044,0
0,37922,0
0,1376,0
0,31397,0
0,50374,0
0,96171,0
7000000,20312,0
0,59809,0
0,135890,0
0,64945,0
0,2348,616938
0,44591,0
0,10389,0
400000,18979,0
0,31206,0
0,28658,0
0,3117,0
0,20684,0
0,27450,0
0,26643,0
0,62327,316000
0,897,170215
0,42522,0
0,11657,0
0,224,0
0,27117,0
0,50553,0
0,44383,0
0,78331,0
30000000,10922,0
0,43708,320092
0,240177,0
0,51707,0
0,30349,0
6000000,13537,2944752
0,28446,0
150000000,605,424988211
0,33222,0
32000000,10719,173398518
0,266741,0
0,23995,0
0,1277,585604
0,1836,0
0,292974,0
40000000,508,244931766
0,197563,0
0,11846,89325780
0,50314,0
80000000,10715,68514844
150000000,8619,212011111
300000,21525,7808524
0,14892,0
60000000,12146,0
0,10588,0
40000000,4970,141591324
20000000,470,60427839
8000000,11042,3432342
0,44708,0
23000000,10147,76488889
90000000,10756,182290266
80000000,9562,43935763
0,36068,0
0,11012,7532911
0,279714,0
0,30068,0
0,40913,0
0,158413,0
16000000,9556,48878502
0,13581,0
0,1702,1422749
0,19184,0
0,24203,0
0,9065,0
0,44479,0
0,4823,28590665
0,10168,0
0,10234,0
0,38939,0
8500000,10952,47624253
0,14022,0
12000000,860,79567667
2000000,41521,0
0,48035,0
0,5000,10188
0,22744,0
0,17831,0
0,780,0
3900000,31510,9000000
18000,234,0
0,899,0
0,8289,16175602
6000000,11583,0
0,11002,45858563
20000000,6472,0
6400000,5143,40084041
0,11384,65595485
0,5227,0
30000000,8010,15556340
35000000,10410,0
0,47095,0
0,10407,0
65000000,9292,17218080
3500000,11850,24046533
0,48745,0
11000000,2297,0
15000000,951,201957688
0,10804,0
0,5765,0
29000000,9319,59509925
1250000,1643,36144000
0,2007,7286388
0,10995,0
0,8047,0
20000000,2612,15379253
795000,3112,0
0,10413,0
0,2611,21830957
25000000,1825,16057580
15000000,10538,44065653
22000000,11092,221303188
18000000,18410,18532286
0,14904,524668
17010000,19065,24941969
4500000,3176,25000000
1000000,9261,6933459
0,5336,0
0,23908,0
0,14671,35114428
26000000,11509,0
0,10729,0
530000,29437,0
35000000,20763,4651977
0,2047,0
0,14249,15645616
12000000,10021,110996879
0,11634,0
14500000,14746,8089290
0,11824,0
0,8222,1710057
0,20067,0
0,12395,0
0,9846,17307019
0,23719,5777916
0,11986,2003822
64000,1626,24517
9500000,483,14560247
0,10166,15360553
0,6069,63766510
24000000,11018,18707466
25000000,11676,0
0,28293,0
0,28292,0
0,3681,0
864000,43875,1276000
0,31798,0
0,43436,0
886000,20325,2600000
0,17687,0
0,19075,0
0,41465,0
0,17641,0
0,12545,13200000
0,27972,0
2650000,898,3100000
92000,2000,0
0,648,0
100000,618,11000000
0,44162,0
0,19120,0
0,4024,0
0,11316,0
3000000,3089,9012000
0,29845,0
531374,995,1103757
0,1594,12368234
0,32318,0
4000000,11839,0
5500000,916,42300873
0,31509,0
1250000,1976,0
0,31685,0
439000,3062,2281000
225000,34456,2850000
0,12708,0
0,42045,0
0,11610,0
0,4939,0
0,25016,0
8000000,15927,27187653
0,40423,0
0,7857,0
31000000,79,177394432
0,13912,0
1152000,70881,1439000
4000000,987,0
0,65869,0
0,37749,22512655
0,30140,0
0,33302,0
0,46932,0
1000000,81,3301446
0,70423,0
0,11821,0
20000000,10023,66673516
0,51036,0
35000000,11519,31755742
0,72087,0
0,42238,0
0,15659,0
0,18857,194720
0,33517,0
0,27425,0
0,38953,0
600000,74544,0
0,41785,0
0,42740,0
0,20126,0
0,827,0
900000,11811,8556940
8000000,20043,0
0,16814,0
2500000,4368,0
0,25431,0
0,17685,0
16000000,2742,0
0,22010,0
0,51145,0
0,32040,0
16000000,48129,4409328
0,3596,0
0,120637,0
0,24134,0
0,18904,0
0,37719,0
0,47364,0
0,9063,0
0,1818,0
350000,255,0
32000000,10744,0
0,83505,0
0,10511,0
0,180399,0
0,22289,0
18000000,10028,62646763
140000000,616,456758981
0,288953,0
0,96393,0
70000000,587,122919055
0,21542,0
80000000,6964,266728738
55000000,1792,33828318
0,3635,31466789
0,41488,0
94000000,122,1118888979
65000000,11820,0
10000000,8696,96542059
0,12698,0
1000000,19187,0
16500000,11093,16942795
0,47952,0
8000000,504,60378584
40000000,11007,190212113
79000000,2289,173013509
60000000,9620,96269812
100000000,10601,121975011
15000000,52036,2281585
0,42418,0
0,13433,0
0,35712,105090
23000000,14844,12
0,26710,51
0,37088,0
0,31026,0
42000000,5966,171963386
10000000,24034,0
40000000,10718,46546197
0,40427,0
46000,14757,0
6500000,11034,26533200
0,25095,0
0,26983,0
0,30080,0
0,52867,0
0,42599,0
0,65012,0
0,44801,0
0,27465,0
0,83726,0
0,24782,0
10700000,31395,1238080
0,131313,0
0,34151,0
6000000,15797,3283371
49000000,9548,20423389
0,1937,0
0,26712,0
0,1882,0
0,70627,0
15000000,17258,13290368
0,34681,0
0,118910,0
0,6277,0
3000000,11429,0
0,47072,0
0,33642,0
0,14815,0
0,427,0
0,43049,0
0,3022,0
0,778,0
0,3088,0
0,23152,0
0,23567,0
0,102057,0
0,52367,0
0,22584,3650000
455000,27725,0
0,16227,0
0,980,0
0,16933,0
0,42094,0
0,26884,0
100000,37833,0
0,18995,0
0,43759,0
1000000,5205,0
12000000,2017,0
0,38606,0
30000000,14239,14110589
11000000,55448,1044824
0,21779,16318124
0,71189,0
0,67794,0
5000000,73515,0
0,405,0
1400000,9696,0
0,4917,0
0,37774,0
0,5055,0
0,40140,0
0,42040,0
0,29933,0
0,35888,0
8394751,3059,0
0,22727,0
0,28586,0
0,56157,0
10000000,11708,0
0,27329,0
0,42514,0
0,20444,0
0,17736,0
450000,114046,0
0,82283,0
13000000,1954,96060858
17000000,13476,16980098
0,11194,13885802
50000000,12634,6808550
0,13505,0
0,14114,0
850000,15708,819939
18000000,21301,65070412
18000000,20483,16702864
28000000,14292,64445708
0,44539,0
15000000,1278,15121165
0,18841,0
0,25925,0
0,32035,0
0,74395,0
0,19361,161410
0,81824,0
0,21968,0
0,29493,0
70000,29473,11800000
3000000,29464,0
6000000,37900,0
0,91390,0
0,33557,0
0,7008,0
500000,30566,0
0,42466,0
0,76176,0
0,18446,0
14000000,22004,0
2000000,11023,4601043
0,47802,0
0,92298,0
1100000,35227,400200
0,29852,0
0,23001,0
0,51049,0
18000000,11221,19265302
75000000,1824,196482882
30000000,16784,14000000
0,44674,0
0,292090,0
0,11083,0
0,54045,0
0,337,11576431
1300000,11951,72266306
0,43376,0
1135654,28963,1213880
3000000,2576,0
0,22561,0
0,19345,25205460
0,14430,0
6500000,12775,0
12500000,9838,238227
0,50075,0
8500000,2099,16209459
0,42852,0
0,40454,0
22000000,6470,0
0,20032,0
39000000,8842,6614280
15000000,11132,29331068
25000000,9352,20796847
30000000,615,611899420
8500000,11217,5001655
25000000,10677,27685016
50000000,13572,25195000
0,30735,0
4800000,338,79384880
100000000,2023,108103450
60000000,9384,170268750
0,25935,0
0,797,0
0,42602,0
0,60792,0
0,70113,0
0,47474,0
0,56188,0
0,29084,0
0,1723,0
0,25955,0
0,41876,0
0,62190,0
0,43323,0
0,67022,0
11500000,24548,0
0,31602,0
6000000,57744,0
0,37044,0
0,42989,0
26000000,17047,28818995
25000000,10591,30411183
40000000,1586,92913171
19250000,11169,8112712
0,49689,0
0,266687,0
0,66660,0
0,156,0
19000000,2778,7411659
0,10433,11081586
12,47168,1
0,58995,0
0,43236,0
0,142168,0
0,40752,0
28000000,924,102356381
20000000,38,72258126
45000000,11081,65470529
0,4377,0
5000000,16941,4856298
0,1720,0
35000000,9541,36098382
0,5516,0
3000000,20304,5923000
0,11024,181466833
0,53734,0
10000000,553,16680836
0,10544,6585516
66000000,1487,99318987
110000000,13700,103951461
0,11137,0
56000000,11358,57223890
0,13573,343816
12000000,19084,31179516
145000000,10733,25819961
31000000,14442,27388767
40000000,2122,26155781
0,25300,0
6800000,14576,0
0,13432,0
0,26636,0
13000000,6844,122700000
650000,923,55000000
3000000,2587,0
0,3591,0
0,28026,0
0,26176,0
0,41857,12000000
0,78364,1878561
5600000,10338,29950000
0,33839,0
150000,133919,0
0,95548,0
0,50549,0
0,38978,0
0,92331,0
0,111883,0
0,42245,0
0,68347,0
0,89488,0
0,34082,0
0,22999,0
0,20278,0
0,18698,0
0,47201,0
0,12239,6486797
0,4365,0
0,86182,0
0,45862,0
0,65066,0
0,42228,0
0,16561,0
0,54655,0
0,70779,0
4500000,10843,10609321
0,2098,0
0,65332,0
0,34303,0
20000000,15673,11341016
30000000,393,152159461
33000000,7220,54700105
0,33823,0
0,163676,0
6400000,237,2500000
0,126117,0
37000000,10096,96455697
70000000,9509,130293714
0,19016,0
0,60645,0
40000000,10710,0
25000000,11058,30114487
28000000,11141,30016165
17000000,10625,129042871
6000000,54807,293793
0,11025,0
160000000,7131,300257475
800000,26899,62852
0,30125,0
0,16428,0
175000000,652,497409852
3684600,8440,0
0,883,7897645
0,38018,0
0,96461,304852
0,34377,0
2000000,20375,0
55000000,10375,6416302
0,42015,0
0,68440,0
0,12503,0
40000000,11864,12303411
850000,9461,90000000
0,57811,0
0,132,0
0,28276,0
0,18329,0
0,17993,11567449
0,37447,0
0,4339,0
0,42108,0
0,18513,0
0,26517,0
0,28285,0
0,22137,0
0,5247,0
0,31676,0
0,49622,0
0,238952,0
0,10035,0
0,502,0
0,41965,241
0,10347,0
0,1373,0
0,30959,0
0,43341,0
0,20561,0
75000,13055,0
9500000,667,111584787
27500000,700,187500000
0,21594,0
0,26976,0
36000000,36670,160000000
0,18872,0
650000,44864,0
0,31993,0
0,43818,0
0,28290,0
0,24650,0
0,55086,0
0,43525,0
3000000,20640,0
0,50363,0
2300000,633,0
0,5511,39481
0,41003,17487531
0,13936,0
350000,294,2400000
10000000,11507,8801940
0,17538,8022000
0,10435,0
500000,1162,2500000
0,34328,311245
0,47108,124994
0,47140,0
0,40930,0
0,14684,14715067
0,58467,0
0,10261,0
0,163869,0
12000000,13937,37170057
0,25355,0
0,29601,0
0,66115,0
0,118617,0
0,23981,0
0,14980,0
12000000,26670,2280148
0,44047,0
0,10940,0
0,31965,0
10000,5842,0
0,19463,0
0,24012,0
5900000,988,51718367
0,125103,0
0,204,0
0,9356,0
0,32430,21300000
0,42231,0
0,16113,17768900
0,33575,0
0,13913,0
0,17956,0
0,18209,0
134000,25508,4000000
0,18978,0
0,27171,0
0,29486,0
0,12310,0
1000000,42205,18300000
0,27786,0
50000000,9624,49000000
0,95514,0
0,37296,0
0,25736,0
0,25389,9532895
1070000,44807,570000
0,5248,0
0,52794,0
25000000,9872,9873044
0,19552,0
300000,2786,0
0,8075,0
0,94771,0
0,50271,0
0,38274,0
0,26133,0
0,68981,0
0,10235,0
1000000,11533,0
0,2817,0
0,1394,0
0,1719,0
0,140207,0
0,781,0
0,13553,0
0,183252,0
0,3777,0
0,11659,0
800000,24065,0
0,39907,0
0,26612,0
783000,10604,0
0,44098,0
0,16876,0
0,37437,0
0,141003,0
0,14782,0
0,77780,0
0,9545,18994653
0,53117,0
0,41651,0
0,29270,0
0,28030,0
0,16514,0
0,1926,0
0,31112,2013193
0,11060,27734391
0,17365,0
4000000,11474,22490039
0,63888,0
0,49320,0
0,10916,0
0,10921,0
0,10941,0
0,42204,0
25000000,33157,3052000
0,24798,0
0,277073,0
0,4923,0
0,36741,0
0,11656,0
0,16284,0
0,25009,0
0,91226,0
0,171229,0
0,45926,0
0,40092,0
7500000,10133,0
0,82838,0
0,14589,0
0,14594,0
0,14590,0
0,14588,0
0,14595,0
600000,9459,34505110
0,465,0
0,86600,0
0,20644,0
0,24965,0
20000000,192936,0
20000000,876,0
0,1583,0
0,17653,3956913
4000000,11069,0
0,10829,0
0,19425,0
0,108055,0
0,86959,0
0,9698,0
0,57946,0
0,45044,0
50000,26860,0
0,29049,0
0,27130,0
0,8468,0
0,31952,0
0,39043,0
0,54396,0
0,22682,0
4638783,11577,11000000
0,42402,0
0,21159,0
0,40810,0
0,40812,0
0,336,0
1500000,11942,0
813000,36206,0
3716946,23330,5000000
0,5927,0
0,49636,0
0,3075,0
0,30137,0
0,5521,0
66500,27636,0
0,222,0
0,10686,0
0,43096,0
1000000,42688,0
7000000,25598,191125
0,25858,0
65000,14262,0
0,38701,0
0,33357,0
5000000,21948,0
0,30368,0
0,1059,0
0,12493,0
0,42090,0
6000000,13122,0
0,55730,0
0,14273,0
0,26940,0
0,11030,11798616
0,29454,0
0,26372,0
0,11506,0
0,29455,0
0,11602,0
0,29453,0
0,11700,0
0,47735,0
0,14638,0
3000000,14703,12000000
0,35806,0
4500000,3547,0
0,41089,0
0,42179,0
0,28415,0
0,107499,0
11000000,20481,8862354
0,5481,0
0,5482,0
0,5485,0
0,31581,0
0,22694,0
1300000,7090,447741
0,42632,0
22000000,5902,50750000
0,10775,8708932
110,4552,0
8000000,12762,10600497
4500000,14510,1261000
0,101363,0
10000000,15618,0
0,24341,0
25000000,10690,1614266
210000,40028,107352
300000,26326,0
300000,13282,8000000
0,27658,0
50000,22642,0
0,29235,1250000
0,42725,0
0,24111,0
0,17921,0
0,22627,0
0,18283,0
0,33731,0
0,13823,0
0,14108,0
0,4291,0
0,20718,0
0,113,6502364
0,28476,0
3352254,5916,58831997
0,26234,0
0,12205,0
14000000,27804,0
0,46187,0
0,3001,0
0,39434,0
0,105130,0
0,166472,0
0,11574,0
0,32450,918239
0,62383,0
500000,203,3000000
0,38749,0
195845,29740,0
0,10652,13839404
0,34288,0
3500000,26268,12000000
0,33632,0
250000,25853,144008
34000000,68430,18634643
0,43001,0
0,42201,0
600000,316,0
0,3072,0
5000000,10355,0
1271000,14554,3788000
0,87677,0
0,250,0
0,19086,6698361
0,15392,5738952
0,43267,0
0,41277,0
0,108059,0
0,42013,0
0,54715,0
0,631,121
0,25504,0
0,23855,0
0,1786,0
0,51182,0
0,45042,0
0,210937,0
0,16219,9
0,15824,0
0,14258,0
0,48385,0
50000,27545,0
0,22718,0
200000,39844,0
0,16914,0
0,43011,0
0,11315,0
0,35987,0
950000,29146,814666
0,36751,0
0,28758,0
0,29592,0
0,439,19516000
0,823,0
0,20289,0
0,16905,0
350000,11417,0
0,11548,65088797
0,38291,0
0,41204,0
0,20532,0
0,2546,0
0,42791,0
0,22522,0
0,40478,0
0,5165,0
2090000,5722,40000000
0,5544,0
0,19128,0
0,14696,0
36000000,51515,1345903
0,56167,0
0,4781,0
0,32652,0
0,4909,0
0,56135,0
0,27115,0
0,38348,0
0,35280,0
0,21375,0
4200000,19185,5835247
0,73194,0
0,28257,0
0,20643,0
0,22596,623
0,36786,0
0,28916,0
0,27459,0
0,4497,0
0,33560,0
0,25224,0
0,42728,0
0,15371,0
19000000,11044,0
0,39983,0
1114000,31526,2610000
0,31623,0
500000,27601,0
0,16214,78000000
0,5071,0
1500000,41662,0
0,95015,0
0,33738,0
0,17346,0
0,18274,0
7200000,13763,68392977
0,67217,0
0,10498,0
0,24731,0
0,11796,0
3750000,31675,0
0,4507,0
0,34847,0
0,32303,0
0,4879,0
0,24774,0
0,41779,0
0,61048,0
200000,1994,0
0,42814,0
0,870,0
0,96255,0
0,25495,0
0,26319,0
0,45938,0
6000000,15573,7500000
0,41059,0
0,39871,0
2000000,10178,21750000
424000,16391,0
0,42997,0
8000000,10734,43000000
0,10949,0
0,258236,0
150000000,809,919838758
125000000,435,544272402
50000000,4599,49718611
16000000,12657,14822346
0,28219,365248
2500000,59210,1062253
0,13193,0
0,24190,0
130000000,673,789804554
27000000,16617,21148829
0,246,0
105000000,2789,115772733
50000000,8920,200804534
90000000,9890,102000000
0,26886,0
0,26254,0
400000,8193,46118097
27000000,47821,14683921
12000000,26142,38120905
0,42122,0
0,65137,3418141
802000,27017,4371000
0,35151,20419446
0,21544,0
0,43846,0
0,40894,8
0,11546,126247
0,59427,0
11000000,18387,0
0,71125,0
0,34748,0
0,132725,0
0,26331,0
0,41774,0
14320000,52959,14000000
0,24004,0
0,46976,0
0,17481,0
0,52560,0
0,42658,0
0,27118,0
0,18333,0
11000000,42345,2200000
0,18398,0
0,54800,0
0,20849,0
3000000,57544,0
0,53779,0
0,16661,0
340,80708,0
5000000,76516,485772
0,33441,0
0,47819,0
0,21793,0
1000000,18712,7800000
800000,831,0
0,10484,0
0,37658,0
0,26516,0
0,110598,0
0,44388,0
0,10573,0
0,113290,0
0,26451,0
0,111605,0
0,54568,0
2600000,28571,0
0,27686,0
0,123665,0
0,43336,0
0,62000,0
65000,9372,28575078
0,41495,0
0,52362,0
0,662,0
0,41799,0
2500000,49633,0
0,43805,0
0,16559,0
360000,44695,36000000
0,31217,0
3000000,8341,0
0,36488,0
0,19414,0
0,60595,0
0,15794,0
0,13188,0
23000000,12651,0
0,886,15260000
0,9791,0
1645000,27554,0
0,26973,0
0,38582,0
6000000,9542,5844868
2300000,17820,11000000
0,26175,0
0,31146,0
0,20506,0
0,37696,0
0,136,0
0,47653,0
0,10970,0
0,28162,0
0,42812,0
0,28159,0
0,20676,0
0,3019,0
0,29353,0
0,17761,0
0,20277,0
110000000,10204,72178895
0,3515,490964
20000000,9472,167722310
60000000,594,219417255
0,8981,0
37000000,12153,113086475
0,1944,0
29000000,11036,115603229
74500000,1997,62172050
20000000,15237,0
0,205481,0
0,11572,8500
0,19096,0
4000000,72096,0
0,11939,0
0,47555,0
0,24236,0
0,80218,0
2000000,26520,30000000
0,43897,0
0,29456,0
0,21386,0
0,24908,0
0,9256,8
0,25783,0
0,8991,0
0,44691,0
0,23378,0
0,3293,0
0,36947,0
0,54028,0
0,17645,0
20000000,10448,305070
0,57684,0
0,61487,0
0,14365,0
4414000,29383,0
21000000,10606,0
0,42988,0
5000000,16136,20146880
0,58669,0
0,42407,0
0,6081,49579269
0,12577,0
0,36561,0
0,49814,0
0,13696,0
0,44494,0
0,15484,0
0,36672,0
0,2330,268254
14500000,2334,65497208
0,64204,0
0,13398,0
0,2912,0
0,701,0
0,10631,0
0,43466,0
0,2202,0
0,76076,0
1880006,10780,26713187
0,3484,0
0,19590,0
0,23724,0
0,26596,0
0,44925,0
0,29264,0
0,33994,0
6000000,1777,119114517
0,11584,40050884
0,9901,0
0,202475,0
0,26811,0
0,38631,0
4000000,54022,389503
0,23522,0
0,207625,0
2700000,22094,5000000
0,161080,4275
15000000,11884,28733290
0,21871,14134877
0,30876,0
200000000,558,783766341
0,48732,0
2700000,80,15992615
0,10742,12520799
120000000,9477,203567857
26000000,8699,90574188
0,9893,0
19000000,11247,70067909
120000000,2048,347234916
0,436,0
0,61391,0
0,18643,0
0,67297,0
0,31948,5438927
0,43004,0
0,45793,0
0,46495,0
0,45874,0
2970000,65994,0
0,19014,0
0,10754,0
0,30054,0
0,36630,0
0,39770,0
0,36627,0
15000000,11897,50000000
0,43443,0
0,54300,0
0,58925,0
75000000,2502,288500217
100000000,314,82102379
6500000,18923,1548955
0,146373,0
5000000,5228,24854765
0,12206,0
0,16539,0
0,75046,0
0,74012,0
0,26126,0
0,15876,0
7000000,26300,0
0,68064,0
0,12625,0
0,45520,0
0,46767,0
0,55848,0
0,42525,0
3000000,43417,0
0,15244,0
0,62395,0
0,42737,0
0,47615,0
1455000,39209,2620000
0,20876,0
3200000,24559,0
0,78208,0
0,43786,0
0,72613,0
0,43787,0
0,27437,0
0,40374,0
0,20316,0
0,41925,1244381
850000,259389,0
0,22871,0
8000000,37019,0
0,18190,0
0,71786,0
191051,42347,0
0,39140,0
0,69903,0
0,219345,0
0,41890,0
0,27307,0
0,36709,0
0,32294,0
0,41463,0
5000000,19051,3569939
0,43485,0
0,51997,0
0,43885,0
0,112969,0
0,62694,0
0,43785,0
22000000,53287,11000863
25000000,29584,0
0,32644,23646952
0,89482,0
0,1040,0
0,42604,0
0,24214,0
0,5122,0
0,42469,0
0,119623,0
0,1783,0
1500000,10910,0
0,17238,0
0,22156,0
0,26814,0
0,43116,0
0,39269,0
0,99859,0
160000,31522,100655
0,47796,0
0,26893,0
0,69035,0
0,73621,0
0,22976,112132
0,55441,0
0,45608,0
0,21619,0
0,9680,0
0,42801,0
0,12627,0
0,86404,0
0,18671,0
0,17218,0
0,41316,0
0,5179,0
0,53198,0
0,65156,0
0,42593,0
0,76002,0
0,64868,0
0,52741,0
0,15081,0
0,21147,0
0,64877,0
0,147169,0
0,16703,0
0,20298,0
0,19974,0
0,22112,0
0,4201,0
1000000,39868,0
0,20408,0
0,13580,0
0,18706,0
0,34327,0
0,43013,0
0,38505,0
250000,41940,0
0,20417,0
0,14652,0
0,69526,0
80000000,14462,96105964
57000000,14623,28283637
60000000,6947,256697520
2500000,401,26781723
0,50247,0
0,46326,0
0,35780,0
0,25361,0
0,45522,0
0,23750,0
0,45509,0
11500000,44289,0
0,25536,0
0,38837,0
0,23305,0
0,17768,0
0,27375,0
65000000,1538,217764291
35000000,14846,22034832
7500000,2577,0
0,52936,256249
0,46884,0
0,33333,0
0,41975,0
0,16606,0
0,60760,0
9000000,11282,23936908
40000000,11130,95149435
0,14389,0
70000000,395,171183863
20000000,11052,29170410
0,60015,0
3000000,23601,2037545
19000000,10762,69631118
80000000,11026,78000586
0,18693,0
0,45598,0
0,8745,0
0,45335,1600000
0,18690,0
0,7506,0
0,65596,0
0,36912,6347072
0,46081,0
0,40087,0
0,46831,0
0,20120,0
0,22543,0
0,44415,0
20000000,11237,70992898
27000000,8080,13000000
0,14797,0
23000000,11632,16123851
16000000,18475,12
20000000,15644,16605763
30000000,11208,13001257
500000,24079,0
0,16153,0
0,13559,0
0,42694,0
0,32298,0
0,66566,0
0,124029,1221832
0,42164,0
0,124,0
0,29979,371396
0,41762,0
0,12548,0
0,33345,10090429
0,19893,0
0,42264,0
0,11387,0
0,104659,0
1200000,24924,3109904
0,17994,0
0,75759,0
0,60437,0
0,49069,0
0,31117,9109322
25000000,9759,56422687
45000000,1577,129394835
0,14198,0
0,288952,0
30000000,16232,21800302
70000000,5137,57958696
31000000,11823,41512007
0,2003,0
0,18804,0
30000000,13969,0
42000000,10145,117575636
0,26486,0
15000000,13702,1914166
0,1653,16756372
4000000,747,30039392
0,84214,0
0,84655,0
0,23627,0
0,26230,0
0,4176,27634716
0,11177,42400000
2000000,43839,4000000
0,26690,0
0,35101,11000000
0,10905,0
0,18196,3
0,70345,0
0,88174,0
0,132422,0
0,42215,0
0,43105,0
0,71140,0
0,27816,0
2500000,27815,0
6000000,12707,14717854
0,43657,0
0,43117,0
0,47446,0
350000,54979,0
0,42172,0
0,42600,0
0,47825,0
0,62697,0
0,31655,0
0,27498,0
47000000,1492,7191399
100000,8689,0
75000000,10555,367275019
60000000,11128,74541707
0,22842,0
22000000,1599,0
15000000,14024,14867514
25000000,11045,36609966
0,15503,0
7000,14337,424760
0,26108,776691
50000000,4380,170128460
32000000,3989,50907422
0,16358,0
0,25313,0
0,2438,0
0,65550,0
0,29445,0
0,11121,0
2700000,55457,0
0,101887,0
0,23739,0
780000,21241,1500000
2000000,3053,0
0,28356,0
0,12456,0
0,55047,0
0,28153,0
0,18499,0
0,36616,0
0,13644,14812000
0,41936,0
30000000,13416,61255921
218,1435,1162014
0,11099,548039
0,167177,0
5000000,12483,0
0,184530,0
0,18701,0
0,2319,0
0,110351,0
45000000,15566,14793624
10000000,1970,183474602
60000000,8849,13395939
16000000,9675,109502303
5000000,4553,8203235
11000000,11109,0
0,48678,0
0,202587,0
0,126148,0
0,16131,143597
0,9391,0
1200000,176,103911669
40000000,1677,124731534
20000000,10740,0
0,66641,0
92000000,9806,631442092
0,19614,0
0,12777,0
0,47959,0
165000000,5255,305875730
0,11184,0
12000000,11249,24829644
60000000,10589,61347797
50000000,9801,40203020
25000000,866,116766556
7000000,4251,29385320
100000000,2059,347451894
5000000,140,40266982
30000000,11836,140161792
0,43743,0
0,17818,0
155000000,1966,167298192
60000000,13673,0
0,174787,0
0,26347,0
27000000,2288,115505027
0,15397,0
0,9550,92863945
110000000,163,362744280
65000000,36648,128905366
900000,15788,10000000
0,33377,0
3000000,18973,7100000
0,41253,0
0,15787,0
0,35188,0
0,35189,0
0,52122,0
0,28333,0
0,24062,0
16000000,43670,174318
0,58182,0
0,33740,0
0,74719,0
0,77448,0
0,43752,0
0,42668,0
0,25952,0
0,16248,7840873
19885552,15613,19724334
2200000,151848,0
0,30719,0
0,28421,0
0,47657,0
0,8424,0
0,32558,0
525000,50085,0
0,50034,0
0,42401,0
0,67962,0
0,30996,0
0,44375,0
0,18889,2586511
0,210864,0
17311,70368,137365
0,3016,0
0,2972,0
0,71065,0
0,42510,0
0,58129,0
0,29267,0
0,36841,0
0,57283,0
0,171432,0
0,18987,0
0,41348,0
172000,27511,0
212000,96713,0
0,992,0
245000,3060,22000000
0,42359,0
546883,1405,0
0,964,0
0,939,0
0,697,0
0,104433,0
217000,27503,0
0,905,0
0,31411,0
0,28189,0
0,3061,0
0,27517,0
0,42538,0
0,25768,0
0,120833,0
0,626,0
0,27899,0
0,5729,7940
0,42816,0
0,13911,0
0,51394,0
0,48365,0
0,3574,0
20000,91,0
0,31592,0
0,43132,0
0,877,600000
0,875,0
0,28268,0
0,779,0
0,56724,0
0,39130,0
0,28046,0
0,31511,0
0,3031,0
0,43130,0
200000,43595,2200000
250000,43149,0
0,43148,0
0,50073,0
0,43904,0
0,43693,0
0,24106,0
0,47921,0
0,49640,0
0,46910,0
0,43689,0
0,22614,0
0,51949,0
0,43889,0
243000,43896,950000
305177,28910,0
0,17907,0
0,27970,0
0,52677,0
0,14615,0
0,31773,0
0,24807,0
0,17030,0
0,23389,0
0,31548,0
0,54569,0
0,38721,0
0,43874,0
1645000,16515,0
300000,27973,0
0,20642,0
0,37650,0
0,43867,0
0,43864,0
500000,23101,0
0,60562,0
0,46688,0
0,16274,0
0,99318,0
0,55207,0
0,31868,0
0,37698,0
0,3084,0
0,46069,0
0,43806,0
2000000,55604,9172000
0,26635,0
0,43811,0
0,17801,0
0,26201,0
0,29884,0
0,45978,0
0,38914,0
0,33523,0
0,33112,0
0,28789,0
0,43799,0
0,18790,0
0,37036,0
0,43522,0
0,36612,0
0,97648,0
0,23336,0
0,22387,0
0,27655,0
0,23051,0
2627000,43306,5363000
0,18727,0
0,33049,0
0,41355,0
0,47352,0
0,43518,0
0,41391,0
0,21622,0
0,28436,0
0,22638,0
0,51144,0
0,35006,0
0,21451,0
0,42879,0
0,43307,0
0,50066,0
0,18229,0
0,52440,0
0,17136,0
0,43494,0
0,30348,0
0,9797,0
0,45219,0
0,18771,0
0,30177,0
0,41020,0
0,16090,0
0,44041,0
0,25502,0
0,14320,0
0,26701,0
0,43469,0
0,20246,0
0,82101,0
0,19169,0
0,43461,0
0,31980,0
0,27448,0
1243000,29244,2841000
0,83838,0
0,43452,0
0,29380,0
2500000,37347,3000000
2300000,3766,0
0,946,0
258,70447,0
0,20482,0
3700000,35032,2956000
0,44190,0
0,41609,0
0,33115,0
0,20638,0
0,29885,0
3400000,25698,0
0,45578,0
0,4558,0
0,43439,0
700000,61828,0
3768785,25209,8000000
0,15390,0
0,17409,0
0,43388,0
0,800,0
0,32690,0
0,43390,0
0,41464,0
0,43961,0
0,43358,0
0,24003,0
0,28431,0
0,43364,0
0,30801,0
0,3023,0
0,43348,0
0,43349,0
0,99898,0
0,24381,0
0,11402,0
0,35861,0
0,45213,0
0,20127,0
0,24518,0
0,13457,0
0,23620,0
0,31372,0
5019770,3111,0
0,41503,0
0,28696,0
0,94123,0
0,17640,0
0,44026,0
0,803,0
0,31374,0
0,25893,0
0,36439,0
0,46007,0
0,33319,0
0,28100,0
0,31378,0
0,19742,0
0,44134,0
0,22334,0
0,29347,0
0,15697,0
0,43234,0
0,18776,0
70000,29071,0
0,54541,0
0,44559,0
146000,30637,0
0,76754,0
0,56156,0
0,43119,0
0,43137,0
0,69977,0
5000000,42661,0
0,43051,0
0,43101,0
0,58997,0
0,34528,0
0,31427,0
0,58902,0
3500000,27029,12800000
0,690,0
0,46918,0
0,43111,0
0,52745,0
0,36872,0
0,43047,0
0,72354,0
0,31589,0
0,52841,0
0,18449,0
0,50474,0
0,79827,0
0,750,0
0,34530,0
0,33710,0
0,64568,0
0,17185,0
185000,109667,0
15000,31287,3274
0,14537,0
0,16103,0
0,13671,8000000
19000000,11085,13680000
0,53218,0
800000,65048,0
0,24188,0
0,28367,0
0,21135,0
0,52705,0
0,3010,0
0,31383,0
0,39222,0
0,39495,0
0,15263,0
0,751,0
0,42798,0
0,4025,0
0,61892,0
0,25253,0
0,37684,0
0,15421,0
0,166607,0
0,37315,0
0,10299,0
0,24229,0
0,26031,0
0,3763,0
0,17696,0
1200000,7348,0
65000,28504,0
0,151138,0
20000000,23574,0
0,17091,0
800000,17295,921548
0,13187,0
280379,17102,364937
0,23194,0
0,16850,0
0,24395,0
0,37921,0
0,59802,0
0,16303,0
3800000,29715,14873
115,36583,0
0,60555,0
0,42731,0
5800000,3482,6800000
0,895,0
0,20108,39388
1377800,2661,0
0,20379,0
0,29710,0
0,104237,0
19000,22293,0
0,789,0
0,45706,0
0,11047,0
0,2097,0
0,135,0
0,33257,0
0,66043,0
0,17905,0
747000,4191,44566
0,10227,0
2500000,26039,3200000
75000,42701,0
2175000,42702,0
0,41212,0
0,26204,0
0,5767,0
0,42713,0
0,27277,6000000
0,9929,0
0,20873,0
0,29778,0
0,18193,0
0,22176,0
0,42623,0
0,42634,0
0,118872,0
500000,50789,0
100000000,29266,0
0,27983,0
0,5638,0
0,36446,0
0,14801,0
0,49397,0
9000000,42607,0
0,40430,0
0,38096,3
0,48831,0
0,24152,0
0,1846,0
0,21323,0
0,5928,0
0,29748,0
0,105627,0
0,85255,0
0,26525,0
0,31672,0
0,48408,0
0,33205,0
0,70327,0
0,2860,0
0,42589,0
750000,71943,0
0,31304,0
0,64828,0
0,38222,0
0,26606,0
0,36404,0
0,42528,0
0,20848,0
7000000,2998,1000000
0,31906,0
0,31767,0
450000,839,0
0,25109,0
100000,36194,0
0,16328,0
0,42500,0
180000,16154,0
0,9394,0
0,74689,0
0,36850,0
0,38646,0
0,84285,0
478375,34479,0
0,18287,0
150000,5822,15200000
400000,13041,0
0,40732,0
0,122677,0
0,121923,0
75000,18250,0
0,33020,0
0,89417,0
0,12089,0
0,41471,0
0,17810,0
0,23148,0
760000,80911,0
0,87417,0
0,11378,0
0,760,0
0,27331,0
60000,1410,0
0,38729,0
0,86889,0
0,31943,0
0,29142,0
0,56764,0
0,9474,0
0,27084,0
0,31596,0
0,59189,0
0,38714,0
0,31587,0
500000,22307,0
0,62330,0
0,28498,0
0,21964,0
0,21035,0
0,25473,0
0,118121,0
0,32044,0
0,62761,0
0,30702,0
0,25627,0
500000,24402,0
0,5558,0
450000,3043,0
0,36665,0
0,16246,0
0,27977,0
0,42448,0
0,42449,30000
0,8327,0
0,37627,0
0,32940,0
0,31656,0
0,29859,0
0,28994,0
0,5618,0
0,19174,0
0,9385,0
0,28209,0
2500000,1835,2000000
0,70259,0
0,10711,12484444
0,19740,20642922
0,1829,0
0,43430,0
0,32042,0
0,9652,0
0,38099,0
0,47313,0
0,5725,0
0,38783,0
9000000,3870,0
0,1660,0
0,133008,0
0,6476,0
0,10640,0
0,33324,0
60000,29856,0
0,48205,0
0,46978,0
0,26842,0
0,42252,0
0,73100,0
6500000,11558,51079064
0,5651,0
0,43751,0
0,14336,0
0,18775,0
3400000,12535,31063038
0,1421,0
0,62847,0
0,77360,0
0,12637,0
0,54140,0
22000000,38985,12000000
0,61280,0
0,16378,0
0,72412,0
5000000,11935,0
0,13481,0
0,24998,0
0,13514,0
0,113777,0
3000000,1362,0
0,156235,0
257000,98851,0
0,29107,0
0,45691,0
0,11537,0
0,45695,0
0,42165,0
0,33701,0
0,38438,0
11000000,10654,0
0,25264,0
9000000,19827,38200000
0,18966,43885000
0,30636,0
0,33665,0
0,45169,0
0,15717,0
0,54663,0
0,80310,0
0,179798,0
0,64353,0
0,114516,0
48740,47542,955401
0,86295,0
0,149645,0
0,23615,0
0,13633,9190819
0,14087,0
22000000,6341,42313354
0,27679,0
0,7012,0
0,20545,0
0,23096,0
0,15251,0
0,17435,0
300,78177,0
0,11948,0
0,15716,694497
0,29173,0
0,32689,0
8000000,21356,0
0,42115,0
10000000,232,2494480
0,42116,0
0,30707,6472990
0,12633,0
0,47892,1362303
0,19258,0
0,22998,13030214
10000000,15301,29450919
0,29140,0
0,28054,0
0,11609,4300000
0,9041,0
0,31939,0
0,63418,0
700000,42086,0
0,13189,0
0,48677,0
0,30278,0
0,46088,0
0,19596,0
3000000,1884,0
0,19621,0
9000000,10179,0
0,47874,12384120
0,113784,0
0,108241,0
0,27102,0
9000000,47359,6045657
1065000,27414,0
0,33138,0
0,25425,0
0,8221,706685
0,17663,0
0,8868,0
0,29903,0
0,92802,0
3400000,54407,660537
0,41243,0
0,12615,0
1800000,14029,0
0,10372,0
0,40929,0
0,67342,0
0,9056,0
5000000,27064,502758
0,51878,0
0,62429,0
1000000,10176,0
0,9080,0
1700000,18502,0
0,31600,0
0,41205,0
0,30069,0
0,16082,42160849
0,14670,0
0,9318,0
0,30653,0
15000000,26555,12308521
0,47340,0
0,10570,0
0,42021,0
0,65326,0
0,24657,300653
4500000,53157,0
0,41480,0
25000000,36677,1579260
0,11471,4469460
0,21733,0
0,17421,0
0,22572,0
0,49964,0
0,41076,0
0,4043,0
0,27342,0
0,2172,0
3000000,8852,14182492
0,30421,0
0,60631,0
0,96333,0
0,49815,0
0,18305,0
0,92663,0
0,8677,0
0,26369,0
0,11513,0
0,40844,0
0,49314,0
0,41959,0
1800000,16296,0
22000000,13192,0
0,18917,0
0,116345,0
1300000,48309,354704
0,93457,0
25000,41967,0
0,47795,0
0,4271,0
0,41949,0
0,114524,0
6900000,16859,18172849
0,38695,0
0,2927,0
0,41939,0
0,85556,0
0,119324,0
0,26936,0
0,25943,0
7000000,71373,0
11000000,9768,8266343
3500000,11909,0
0,60778,2346150
2500000,27274,205068
0,110838,0
0,10485,24707633
10000000,9569,47410000
40000000,22189,9243140
0,71805,0
0,7975,0
0,41821,0
0,21344,0
6000000,9399,24078196
0,31597,0
0,30017,0
0,11131,0
0,14571,0
0,21168,0
0,59058,295444
0,1662,0
0,6444,0
0,71642,0
0,31923,0
0,20562,0
0,18311,141864
0,48448,0
33000,1483,0
0,41783,0
0,28553,0
4000000,58648,259012
1000000,36337,0
0,68773,0
17000000,25330,4603929
0,22423,0
0,4539,0
300000,22792,0
0,22828,0
0,12776,0
0,31696,15429177
0,17467,0
5000000,36351,0
0,47252,0
13000000,34376,3752426
0,15080,0
0,39233,0
0,6463,0
14000000,14362,39673161
0,5048,1750301
0,9588,0
0,41792,0
0,25674,3547684
0,53688,0
0,21338,0
0,123778,0
0,94666,0
0,41804,0
0,147164,0
0,23438,0
0,215993,0
0,97044,0
0,29904,0
10000000,13995,0
0,11198,0
3700000,41678,0
0,75145,0
0,186809,0
17000000,19143,4836637
0,27381,0
500000,45145,0
0,11621,0
0,47714,0
0,19087,0
0,40082,6742168
0,36288,0
0,38143,0
0,31962,21621000
0,22590,0
0,41777,0
0,48150,1666511
0,41778,0
0,40213,0
0,83761,0
0,34683,0
0,47350,0
0,25684,0
0,5051,0
750000,14135,0
0,18817,0
0,27678,0
0,83599,0
5000000,16437,0
0,251732,0
0,17811,2967668
8000000,12088,6739141
0,96712,0
18000000,48706,1528163
0,47105,0
0,30366,0
0,19371,0
0,41661,1884814
5000000,35610,2970
0,67595,0
0,12664,0
0,7500,0
0,20339,3200000
0,11143,0
0,5187,0
28000000,13519,0
0,32764,0
0,26877,0
0,59051,0
0,18998,0
500000,18392,0
0,8983,0
0,41578,0
0,17796,0
0,63097,0
0,17809,1907743
0,271304,0
0,18837,0
0,11067,30626182
0,10486,0
0,58416,0
0,35977,0
0,19223,0
0,54804,0
0,18674,0
0,152426,0
0,57221,0
0,26830,0
0,51038,0
0,30718,0
0,37797,0
0,37062,0
0,18665,0
0,12613,0
0,21846,0
350000,16233,0
125000,13063,0
0,37563,0
0,63054,0
0,41343,0
0,27318,0
17500000,16003,0
0,8214,0
6000000,30330,0
0,29927,0
0,48709,0
0,37431,0
0,100167,0
0,2061,0
0,11210,0
0,148478,0
0,27994,0
0,2460,0
0,12254,0
0,55902,0
0,74097,0
0,16992,0
0,9956,0
0,36702,0
0,134458,0
0,26124,0
26000000,9092,0
1300000,18415,0
0,17629,0
0,116008,0
0,37517,0
0,37673,0
0,26103,0
0,44641,0
0,8765,0
0,9845,0
0,26644,0
0,36221,0
0,26215,0
0,64559,0
0,28123,0
0,35638,116806
0,9732,0
0,86913,0
0,30983,0
20000000,5470,1531251
5000000,10213,0
0,19846,0
0,50008,0
5000000,12095,0
0,1283,0
0,35016,0
10000000,95136,0
1000000,44625,0
0,36282,0
0,14533,0
0,9812,0
0,41992,0
0,88421,0
0,8697,0
0,22140,0
0,7096,0
0,21039,0
0,19850,0
0,17263,0
2888030,344,0
0,15805,0
0,14439,0
891000,41227,229000
0,13428,0
0,27260,0
0,11508,0
0,67899,0
0,36105,0
0,47186,0
0,50173,0
0,57644,0
0,46817,0
0,45935,0
0,47060,0
0,84002,0
0,9943,0
0,23356,0
1000000,55257,0
0,2487,0
1143000,38821,0
0,10429,0
0,17985,0
5200000,21210,13000000
0,54860,0
0,9597,0
0,21644,0
0,5511,39481
0,12485,0
0,49745,0
0,62825,0
0,17074,0
0,18491,20000000
0,175739,0
0,13777,0
1530000,11854,15306000
0,87489,0
0,33491,0
0,12619,0
0,39927,0
0,24272,0
0,29587,0
0,3716,0
20000000,11944,0
0,21348,0
3800000,15319,0
0,9011,0
0,2332,60726164
0,54003,0
0,20882,0
0,10205,0
0,40476,0
0,18394,0
0,31774,0
0,35735,0
0,38203,0
0,19362,0
0,5458,0
0,31161,0
0,65296,0
0,32067,0
0,32306,0
6000000,66668,0
0,72490,0
0,10482,0
0,107942,0
0,28031,0
0,54491,100202
0,110147,0
0,15653,0
0,43423,0
0,12480,0
0,13439,0
12000000,844,19271312
5000000,29512,0
0,97206,0
0,101338,0
0,23985,0
0,2463,0
0,16874,0
0,274669,0
0,32166,0
0,204839,0
0,38987,0
0,9439,0
0,52666,0
0,71138,0
0,39872,0
0,53048,0
0,22616,0
0,20160,0
0,28943,0
0,16234,0
0,82550,0
0,11599,0
0,33253,0
0,11075,0
0,16171,0
0,33355,0
0,49671,0
12500000,15917,0
10000000,10706,0
0,36246,0
0,17208,0
0,26245,0
0,62529,0
0,467,0
0,25988,0
2000000,73952,0
998000,19738,0
0,16435,0
0,26014,0
0,45418,0
20000000,15024,0
0,11366,0
0,89823,0
0,10751,0
0,38294,0
3000000,18836,0
0,10757,0
1000000,55256,0
0,23160,25461
0,2899,111127553
0,44756,0
0,18088,0
0,31010,0
0,20536,0
0,3577,0
0,27259,13102295
0,19448,0
0,14923,0
0,32248,0
0,47115,0
0,2440,0
4800000,10836,0
30000000,10955,0
0,12900,0
0,37998,0
0,10978,0
0,81540,0
0,40096,0
25697387,11847,3849941
0,52999,0
0,41714,0
0,11056,0
0,27967,0
0,919,0
0,57558,0
0,13437,0
0,55852,0
0,211,0
53000000,10046,0
0,27245,0
0,6382,0
9400000,36243,0
0,45538,0
0,48843,0
0,22242,0
0,50467,0
3000000,16077,0
0,58255,0
0,2191,0
0,11553,0
0,29832,0
10000000,10726,0
0,57100,0
0,44793,0
0,35110,0
0,9298,0
0,89591,0
0,13899,0
0,437,0
0,38901,17350
0,37712,0
0,37266,0
5000000,14809,0
0,27324,0
0,33625,0
0,35583,0
0,35848,0
0,4592,0
0,71099,0
0,9025,0
0,2111,0
2079000,14752,4099000
0,11178,0
0,10943,0
0,125842,0
0,100973,0
0,23305,0
0,21707,0
0,10981,0
0,10918,0
0,30839,0
0,4612,0
0,36222,0
0,33068,0
350000,13984,0
0,16184,0
0,53244,0
0,14868,0
0,36353,0
0,97754,0
0,11427,0
0,18072,102471
4000000,4689,1954937
0,16209,0
0,45379,0
16700000,18248,0
0,8441,0
0,12720,0
4667404,21041,0
24665810,5552,0
0,8325,0
80000000,10077,5989640
0,11430,0
0,31076,0
0,28730,0
0,40432,0
0,26955,0
0,23986,0
0,4326,0
0,16132,0
0,36730,0
0,55496,0
14000000,30806,0
0,20164,0
0,38970,0
0,32526,0
0,26491,0
0,15271,0
0,45572,0
7000000,22076,0
0,16973,0
5000000,55931,0
10000000,12703,0
4000000,32250,0
0,44203,0
0,46814,0
6000000,9282,0
0,5844,0
0,61485,0
5000000,10891,0
0,25334,0
0,12540,0
0,60672,0
0,24241,0
0,11556,0
0,49007,0
0,11197,0
5000000,14245,0
0,27079,0
9000000,3177,0
0,19277,0
140000000,11774,209073645
0,10855,0
0,16765,0
0,4972,0
0,54764,0
0,120360,0
0,20162,0
47000000,2841,0
0,11606,0
0,189332,0
0,363,11030861
0,12140,9789651
0,4254,13200241
0,15370,522911
12000000,16635,163536
0,23520,0
0,1418,0
0,15990,0
0,11492,0
5000000,12496,7338987
0,17457,0
0,22618,0
0,29987,15530077
0,10361,0
0,36763,0
0,41070,0
8256269,14527,460978
14000000,12542,0
0,32276,0
0,100594,0
0,14455,0
0,25757,0
0,24092,0
0,20357,0
0,21200,0
0,40876,0
0,95536,0
3500000,11838,0
3000000,670,14980005
0,25500,0
0,85873,0
0,12583,0
0,21513,0
0,12608,0
0,14190,0
0,49681,0
0,9694,0
1200000,12802,0
0,22537,0
29000000,9667,21126225
0,13373,6584159
0,37209,0
7000000,10304,0
0,40823,0
0,9666,0
0,13371,0
0,11049,0
0,9316,15
0,11647,0
12806000,1913,38535221
0,45693,0
80000000,2539,55041367
0,15177,0
0,14770,0
0,5528,0
780000,10105,0
0,38398,0
0,1114,0
80000000,179,162944923
130000,83,54667954
4500000,12653,0
0,32233,0
0,55177,0
0,14310,0
0,24860,0
0,26766,0
0,24747,0
6500000,4836,11850214
0,18711,0
0,11190,0
0,37918,0
45000000,11866,21009180
500000,12281,603943
50000000,10320,161451538
0,16427,0
10000000,30973,4069090
1500000,12086,0
0,11420,4500000
0,57337,0
0,81792,0
0,3396,0
0,1404,0
700000,62276,1600000
0,464,0
0,40974,0
0,59196,0
8000000,20912,365134
0,5889,0
0,1126,0
0,10296,0
0,11658,15
0,20544,0
0,11401,0
0,19423,0
0,31781,0
0,9483,0
350000,1392,3515061
0,1843,127067
0,33102,0
2600000,291,3166000
0,88138,0
0,28105,0
0,5460,0
0,51363,159429
0,16843,0
40000,4896,0
0,8357,10000000
0,24674,0
8700000,3509,7659918
6000000,11662,1530216
0,10103,5331377
0,33150,0
0,13372,0
0,36678,0
0,21754,0
0,23319,0
0,41171,0
5400000,23592,0
0,47614,0
800,986,0
30000000,70,216763646
0,31713,0
0,32041,0
0,55309,0
0,38724,0
0,12487,0
0,56616,0
17500000,205,38000000
334077,150523,0
0,46761,0
0,43872,0
0,5183,0
0,28055,0
2000000,12597,0
150000000,118,474968763
0,113213,0
0,62143,0
0,1280,0
0,88288,0
50000000,421,34808403
116000000,2567,102000000
70000000,9833,154648887
23000000,6478,0
0,9692,4678405
0,1901,0
80000000,693,516642939
0,842,3537961
0,9953,1841260
0,11162,0
0,54291,0
0,57564,0
0,15401,0
0,14604,0
0,26275,0
0,15045,0
0,42420,0
0,1853,0
10000000,11804,91196419
0,19803,0
0,11354,0
0,41613,0
0,61049,0
0,41384,0
0,14677,0
0,61988,0
0,93462,0
0,46021,0
0,40881,0
0,147747,0
0,47876,6321392
0,43150,0
0,66600,0
0,64334,0
0,75976,0
10000000,69234,0
0,43442,0
0,25033,0
1500000,21259,2044892
0,33766,0
0,220690,0
3950000,22301,8000000
0,21030,1373728
0,79008,0
0,120328,0
3000000,95466,0
0,26426,0
0,18627,0
30,39472,4
0,34326,0
6854500,10630,0
0,18927,31651
0,42257,0
0,59143,0
0,74122,0
0,58097,0
10000000,25350,0
1400000,16442,16361885
27440000,7229,0
0,12576,2270658
0,42223,0
0,20719,0
1200000,16220,9000000
0,23832,1314230
0,54794,0
0,33475,0
0,33472,0
686,33477,0
0,10609,0
6000000,2091,0
10000000,11633,1461989
0,35031,0
0,12127,0
0,11626,0
0,13563,0
0,36430,0
43000000,9947,56681566
30000000,6439,93772522
30000000,7214,76669806
0,43504,0
0,24749,0
0,17657,0
0,32546,0
0,42390,0
0,26488,1819410
0,61477,0
179000,27429,0
6000000,19610,161000000
6000000,27549,869325
0,43892,0
0,8422,0
0,11373,0
0,989,0
0,43779,0
0,49696,0
0,34778,0
0,25970,0
229,100894,0
0,44463,0
0,39504,214605
0,14883,0
2800000,11423,0
26000000,10694,8009329
0,16410,0
502318,26581,0
2700000,342,0
18339750,613,92180910
250000,273,0
30000000,8978,35294470
32000000,11637,97918663
20000000,12142,10442808
25000000,11096,122644820
0,22559,0
20000000,8968,67192859
15000000,6961,47175038
0,31165,0
0,2517,0
0,11413,0
0,24962,0
0,17978,0
0,42729,0
0,56655,0
0,22383,0
0,43801,0
21000000,30923,0
0,41851,0
0,58918,0
4000000,11343,0
0,661,0
0,10310,0
112,36851,0
0,147882,0
550,27007,0
0,29259,0
0,53200,0
0,55624,0
3500000,2436,2341309
0,20196,5935269
0,61144,0
0,6317,0
0,68822,0
0,27430,0
0,43141,0
0,135473,184890
0,41968,346297
0,34090,0
0,34561,0
0,45174,0
0,16638,0
0,118075,86175
0,42011,0
0,7454,0
0,70498,0
0,63617,0
0,23132,0
0,68348,0
1055000,37198,0
24000000,4935,234710455
20000000,8953,0
0,10951,0
0,42845,0
500,193704,41
0,41569,0
70000000,8488,368100420
0,13682,0
2000000,12228,653621
0,32588,0
7000000,57825,0
100000000,561,230884728
84000000,10214,0
14000000,17880,32645546
0,8340,0
0,6414,0
0,27202,0
0,1942,0
0,61574,0
0,21433,0
0,52778,4100000
0,19119,0
2000000,18279,0
0,10636,0
0,123452,0
4200000,3040,32000000
0,18538,0
0,125953,0
0,41475,0
0,44875,0
0,43128,0
0,42641,0
0,39179,0
40000000,13498,0
3000000,29993,11500000
20000000,9470,100914445
0,36867,0
0,30698,0
0,12721,4662137
0,27042,0
0,37232,0
0,19765,0
0,125109,0
0,37527,8403433
0,43492,0
0,29578,0
0,2926,0
0,54302,0
0,4710,0
0,26243,0
0,10568,0
0,52943,0
0,25103,0
500000,5204,0
0,89065,0
0,4974,0
3300000,30331,0
0,258,0
0,8016,0
0,37601,0
0,4235,0
0,31532,0
0,34614,0
0,51177,0
0,16186,0
35000000,10012,19294901
2000000,65967,0
0,281189,0
56000000,10022,113006880
53000000,4551,95226116
0,30856,0
1400000,26,0
52000000,2026,77944725
75000000,9928,260696994
0,29735,0
12000000,76264,212483
0,15771,0
0,76804,0
0,43912,0
0,82432,0
0,3115,0
9500000,6593,0
0,116698,0
0,63115,0
0,76403,0
0,87169,0
0,34093,0
0,38148,0
0,77041,0
0,167087,0
0,34196,0
6105121,54380,0
0,15443,48000
0,36815,0
0,111017,0
0,37598,0
0,40957,0
13000000,33539,6582052
0,41749,0
0,88930,0
0,31835,0
0,60966,0
0,85926,0
0,1918,0
0,20511,299261
0,133382,0
7000000,22377,11000000
0,1093,263404
0,45212,0
0,12622,1960
0,25283,0
0,18047,0
0,15018,0
825000,438,0
15000000,24546,0
0,57953,0
0,64022,0
0,42222,0
3000000,11297,0
0,11196,0
0,33431,0
0,18770,0
0,37988,0
0,40916,0
0,42837,0
0,1589,0
25000000,13374,27645491
0,9688,20085825
0,228890,0
0,10040,0
35000000,11638,68915888
3500000,540,0
0,77120,0
1,48463,0
0,45218,0
0,44540,0
0,21666,0
0,23916,7185518
0,52277,0
0,32208,0
3000000,44634,6804016
0,84298,0
0,76499,0
0,43865,0
0,48598,0
0,72847,0
0,93313,0
0,32078,0
0,26038,0
0,45694,0
0,43029,0
0,42622,0
185000,27495,0
0,19884,0
0,47007,0
0,37748,0
0,52302,0
0,24922,0
0,39327,0
0,55563,0
0,86458,0
0,22434,7788597
0,12778,13145977
0,42106,0
0,16198,0
0,15283,0
0,158,0
0,1772,0
0,5996,0
0,53939,0
7800000,19665,0
0,36006,0
0,73604,0
0,16301,0
0,47002,0
6000000,14573,0
0,18774,0
0,44154,0
5800000,28448,257043
0,38155,0
0,34282,0
0,27030,0
0,120129,0
0,22595,0
0,42994,0
0,19545,0
0,21131,0
8000000,47237,0
0,17592,0
1500000,17113,712294
40000000,187,158733820
25000000,14177,36351350
0,11399,0
0,23638,0
130000000,7364,119269486
30000000,11431,50451307
0,52796,0
0,45824,0
0,27271,0
0,51945,0
0,51104,0
28000000,16551,21435321
0,26332,0
0,24964,0
0,42229,110
0,45220,0
0,52663,0
0,49565,0
0,2029,0
0,44181,527000
5000000,24619,0
0,70926,0
0,37214,0
140000,26774,0
0,31944,0
0,85673,0
0,62637,0
0,94794,1718328
0,50435,0
0,42617,0
0,13524,0
0,31219,0
0,19971,0
0,47406,0
0,49225,0
0,42691,0
6000000,9674,0
0,3875,0
0,24182,0
0,38770,0
0,74948,0
15000000,14689,34562222
0,69321,0
0,31321,0
0,26638,0
0,37512,0
0,9653,0
0,42637,0
0,19673,0
10000000,14842,0
0,27883,0
0,41115,0
60000,32085,0
0,43824,0
0,41954,0
0,42611,0
0,54156,0
0,39225,0
0,30204,0
0,40633,0
0,4595,0
0,26182,0
0,42260,0
0,31442,0
5985,775,0
0,36971,0
0,50183,0
0,7342,0
0,45267,0
0,33641,0
0,13618,0
6800000,9636,0
0,32128,0
0,36984,0
0,48580,0
0,36843,0
0,18871,0
1380000,69069,0
0,45713,0
0,104193,0
0,64167,0
0,124083,0
0,68528,0
0,185987,0
0,34595,0
0,39851,0
0,45161,0
2995000,84084,2000000
0,84087,0
50000000,7453,104478416
0,15961,0
0,6183,0
0,8220,0
0,35170,0
0,20187,14200000
0,38151,0
0,20628,0
0,43003,0
0,16250,0
19000000,10065,108047131
0,30863,0
0,49920,0
0,31065,0
500000,22033,0
0,37992,0
0,32850,0
0,68883,0
0,43379,0
4500000,9393,3764219
9200000,16972,9346177
0,21325,0
0,13409,1691706
0,14287,38585
0,24363,0
0,13073,0
0,35384,0
0,113178,402805
30000000,8976,42886719
0,27360,0
0,29078,0
0,38717,0
0,13020,0
60000000,11679,71073932
0,25007,42108
130000000,1495,211643158
40000000,10066,68766121
6500000,1640,98410061
0,67445,0
0,11171,1524966
0,14750,8692426
0,43260,0
0,11799,0
0,53116,0
0,24444,0
0,83995,0
0,42626,0
1300000,43881,5273000
0,46594,0
0,43344,0
0,26614,0
0,133750,0
0,16902,0
0,41131,0
1500000,31414,0
0,40730,0
0,15318,0
0,13384,0
0,48993,0
0,9463,0
0,13163,0
0,26810,0
0,20625,0
0,1566,0
0,21997,0
0,30624,0
0,44658,0
7500000,48130,0
0,27233,0
0,41386,0
0,24078,0
0,43271,0
0,26541,0
0,63066,0
0,37720,0
3000000,18050,0
0,155325,0
0,31819,0
0,14672,0
0,11628,0
0,10913,0
0,11605,0
0,16976,0
0,38643,0
45000000,10027,50871113
0,2444,0
0,43429,0
0,19413,0
0,11139,0
0,10837,0
0,32610,0
1000000,1279,0
113000000,1895,850000000
45000000,9981,56070433
43000000,4379,154749918
0,31200,0
0,37215,0
0,56946,0
0,11019,0
0,28423,0
0,14694,0
0,20271,0
0,29872,0
0,85014,0
0,34856,0
0,46112,0
1000000,27,1574623
0,16373,0
0,25649,0
0,19398,0
0,100605,0
0,43506,0
75000000,953,532680671
0,16605,0
0,42268,0
2600000,13064,2850263
0,14358,0
0,26825,0
30000000,12700,251495
82000000,9291,190320568
0,19316,0
25000000,34309,11838218
88000000,921,108539911
25000000,9779,39053061
25000000,9787,13411957
0,16932,0
0,23825,0
110000000,787,478207520
50000000,14199,69425966
0,10226,0
27000000,21295,0
6250000,20651,0
0,56321,0
0,9528,20377075
2000000,12109,120620
0,47945,0
0,13935,0
0,20941,837000
5000000,18289,0
0,43471,0
0,65579,0
0,3011,0
0,13589,0
8250000,11620,30000000
0,43354,0
150000000,272,374218673
0,5845,0
19500000,15767,0
0,44524,0
0,15648,0
0,9709,0
0,29080,0
0,10274,0
0,45881,0
0,25248,0
50000000,11451,66002004
0,25312,0
15000000,11683,46770602
85000000,9722,131426169
0,2287,0
0,18497,0
0,47924,0
0,43888,0
400000,2994,0
0,76094,0
0,1382,0
6000000,9534,0
0,33908,0
0,14653,0
0,9976,0
0,276,0
1920000,28000,3360000
2515000,38731,24000000
0,25876,0
0,93775,0
0,25426,0
2000000,38046,0
0,24703,0
0,2151,0
0,42491,0
0,102841,0
0,42488,0
0,120747,0
0,26323,0
0,12574,0
0,115565,0
0,22968,0
0,31901,0
0,50536,0
0,15719,0
0,28455,0
0,15938,0
0,2095,0
0,18503,0
0,20914,0
0,22553,0
0,26762,0
12000000,34308,0
0,43809,0
8800000,11588,0
132000000,74,591739379
0,16659,0
250000,39464,0
0,28270,0
0,4889,0
8000000,1667,127392239
0,78293,0
0,100196,0
0,13014,0
0,18257,0
45000000,7233,16809014
0,78344,0
0,73376,0
30000000,9009,25473093
0,1553,0
100000000,9738,330579719
300000,14278,1750211
0,55650,0
0,125360,0
40000000,9522,285176741
0,14922,0
0,77593,0
15000000,17599,0
0,28706,0
0,48232,0
0,26654,0
13000000,1826,23727301
0,54858,0
0,43100,0
0,36484,0
0,21886,0
0,84079,0
140,43367,0
6000000,21115,0
0,36401,0
0,38530,0
0,38516,0
0,14646,0
8000000,10476,23563727
1500000,11309,5728953
0,34012,0
0,21366,0
0,31063,0
0,33693,76901
126000000,1635,162949164
30000000,13341,34252847
0,1696,0
0,1665,1928985
0,9775,0
35000000,11459,86369815
135000000,10048,76932943
30000000,11648,58405313
0,15258,0
0,123049,0
0,42719,0
0,41776,0
0,72899,0
0,57866,0
0,10542,0
0,12497,0
8000000,5237,0
0,32242,0
0,37632,0
39000000,16320,38869464
0,19112,0
0,37640,0
0,193661,0
0,12259,0
10000000,308,45742101
0,25074,0
0,26935,0
0,5319,0
187000,27449,0
0,85783,0
0,39946,0
0,54139,0
74050,26579,176153
600000,40254,0
7500000,18882,143000
0,42689,0
50000000,6519,110803676
0,13919,0
0,25956,0
0,1444,0
22000000,11453,22400154
43000000,9913,91974818
45000000,8292,92374674
80000000,13922,10166502
0,24461,0
0,14166,0
0,501,0
0,31542,0
0,28201,0
0,18165,0
0,27292,0
0,57103,0
0,37204,0
0,41279,0
0,32051,0
2000000,37284,0
0,37254,0
0,18976,0
0,42741,0
0,17110,0
0,25975,0
0,17824,331816
0,11328,0
0,108348,0
12000000,15907,0
0,68850,0
0,46825,0
0,22965,0
0,11848,0
0,34921,0
0,37270,0
0,27217,0
0,25199,27843
0,53857,0
0,306323,0
0,52660,0
0,85420,0
0,43313,0
0,12147,0
0,31977,733094
26000000,6957,109449237
0,1917,0
4490331,79684,0
0,16764,0
26000000,11460,57891803
0,33459,0
0,14674,0
0,14134,0
13200000,19404,100000000
0,42034,0
0,35304,0
0,94529,0
0,445,36000000
0,74840,0
0,9564,1644060
0,102081,0
0,21290,0
0,20874,0
0,37185,0
0,17186,3102550
35000000,14175,19478106
88000000,4442,105316267
0,59882,0
0,22741,0
1400000,44413,0
0,65513,0
0,13169,0
30000000,9042,15007991
9000000,17926,1046166
0,15022,0
25000000,1985,82466670
32000000,9335,85167639
0,56214,0
58000000,9007,102854431
20000000,9777,7535331
42000000,1830,24127895
0,7182,0
1000000,10092,10047674
7000000,340,2697930
0,1546,1919197
0,23703,0
0,47488,0
0,15155,3020784
0,78734,0
0,51277,0
0,61675,0
0,59704,0
0,65215,0
0,36832,0
0,17386,13168027
0,16374,0
0,14759,0
0,121043,0
0,10753,0
0,27053,0
0,30230,0
0,11636,0
0,44407,0
0,43529,0
0,22575,0
0,14286,0
0,61044,0
0,1676,0
679000,27645,0
0,34181,0
0,26259,0
0,77744,0
60000000,8814,55987321
50000000,9923,22944502
3000000,7553,18637690
62000000,8202,52304001
0,3118,0
0,2125,0
30000000,1947,18618284
0,9074,12382362
0,16133,0
0,10319,0
0,28001,0
5600000,49220,0
0,17584,0
0,42168,0
0,29656,0
19000000,8643,144216468
55000000,9315,223387299
40000000,3933,117195061
0,8923,3154346
32000000,59,60740827
50000000,257,42093706
25000000,15487,15431177
7000000,398,49084830
0,18651,0
3000000,30941,0
0,10254,0
0,647,0
0,349,0
0,14544,0
3000000,20668,0
50000000,11968,44434439
0,27176,0
4000000,14517,866999
0,88286,0
0,33623,0
0,31227,0
0,120515,0
0,36909,0
0,56518,0
0,17209,0
0,10087,0
0,11627,0
0,34870,0
30000000,533,192452832
0,10703,0
15000000,5236,15785148
0,32237,0
0,11344,0
0,9060,0
0,31056,0
0,43807,0
1600000,14788,0
0,5471,92076
2000000,19082,0
0,46315,0
0,45799,0
0,36498,0
30000000,9763,27610873
1500000,30082,0
0,56475,0
60000000,24019,0
1000000,15058,0
2700000,10017,3500000
0,10475,0
0,1559,0
0,20674,0
11000000,3527,0
0,27974,0
0,11931,83073883
3500000,32990,0
2,17010,0
17000000,27759,10000000
0,21838,0
0,12612,0
0,26513,0
0,43110,0
1500000,10707,11098131
35000000,9910,30526509
0,38583,0
0,77468,0
16398,15493,0
0,53864,0
14000000,142,178043761
0,56778,0
57000000,9621,52034889
35000000,9701,25224242
0,45899,0
7000000,3291,54600000
0,34662,0
0,12920,0
0,56798,0
0,20853,0
2000000,16608,5048693
0,25517,0
0,16430,0
0,24408,0
18000000,791,46201432
0,19965,0
0,38828,0
0,33241,0
0,53935,0
10284523,2610,11588205
0,21246,0
25000000,9729,0
0,15276,0
0,191599,23578
50000000,8066,8342132
0,18428,0
75000000,1656,142400065
0,182097,0
0,41566,0
20000000,6963,12482775
4000000,215,152925093
0,2313,0
0,45967,0
0,37124,0
0,16729,11837022
0,178469,0
0,31718,0
0,226594,0
0,10915,0
0,5335,0
0,9993,0
10000000,8274,0
600,25918,0
0,29111,0
8000000,20128,0
0,26845,0
95,18994,0
0,12617,0
24000000,10799,11875866
0,42000,0
0,36102,0
0,3554,0
0,14897,0
14200000,1951,674918
0,68013,0
0,16022,0
4000000,23196,0
17000000,25763,8720000
0,35580,0
0,259,0
0,34207,0
0,32117,0
0,19354,0
63500,28170,0
0,10851,0
0,16231,0
500000,81220,0
72000000,25,96889998
500000,105299,0
0,15083,0
150000000,9982,314432665
0,13994,2945242
0,73473,0
0,12877,0
22000000,11661,17709155
0,5620,0
0,23220,0
0,43440,0
0,39261,0
0,54801,0
0,28667,0
0,38761,0
474700,7974,0
0,60409,0
0,44389,0
40000000,10060,46442528
0,46917,0
0,10033,50817508
50000000,231,94000000
0,59388,0
0,41764,0
0,28212,0
1800000,68098,0
22000000,8999,57479076
0,8555,0
28000000,4348,121147947
2500000,47540,0
0,10064,0
0,125300,0
1000000,9885,27762648
0,9392,0
0,47473,0
0,20347,0
0,14837,0
150000000,674,895921036
0,24625,0
28000000,69,186438883
40000000,1833,31670620
0,44163,0
0,65045,0
0,46591,0
65000000,6795,64321501
0,11421,0
0,7301,0
0,108843,0
0,16156,0
14000000,24618,6856989
0,1420,0
0,9005,0
45000000,13499,72028752
0,17952,0
0,7548,0
0,20436,739690
10000000,7010,0
0,6529,0
500000,20345,0
0,15184,0
0,86666,0
0,24223,0
0,3124,0
0,8425,0
0,44710,0
0,2153,0
0,48121,0
0,42489,0
15000000,116,85306374
0,35124,0
0,43176,0
60000,5741,0
0,20416,0
0,41189,0
0,19215,0
0,84090,0
0,61340,38
0,253250,0
0,67,3357075
5,64972,0
180000000,411,748806957
207000000,254,550000000
85000000,1904,162242962
0,9043,0
0,2008,0
0,21454,0
0,42687,0
0,27915,62153
9000000,14695,0
0,27031,0
0,55396,0
0,917,0
0,17595,0
0,43322,0
0,43118,0
15000000,19058,163169
0,36826,0
0,22908,0
0,42234,0
10000000,9515,17297244
0,16151,0
0,29595,0
13000000,9721,0
18000000,20858,0
0,35896,0
0,80316,0
12000000,23478,84967
0,92272,0
0,84847,0
0,43812,0
0,23606,0
0,2777,0
0,25651,0
0,25650,0
0,8290,0
0,17382,0
15000000,8053,12036149
0,20003,0
0,43350,0
0,11466,0
0,21040,0
0,13653,0
0,36775,0
0,56373,0
70000000,612,130358911
45000000,9899,38058335
1000000,546,13350369
70000000,2800,88933562
60000000,9641,129181830
100000000,7552,202026112
0,9927,40442437
0,9681,37691644
0,10773,0
0,18840,0
0,18189,0
0,4495,0
0,22014,0
0,18614,0
0,22975,0
0,10597,0
0,88953,0
0,10809,0
0,13925,0
169000,9687,18564702
0,33081,0
0,20546,0
0,20530,0
2500000,9568,0
0,43899,0
0,107667,0
0,18809,0
0,17835,0
0,6935,0
0,20641,0
1400000,154105,0
0,66192,0
30000000,11400,30536013
0,37910,0
0,90967,0
0,13669,0
0,60566,0
0,30095,0
0,16665,0
0,63395,0
0,43355,0
0,14241,0
0,79406,0
0,92285,0
0,42269,0
0,38785,0
0,55544,0
0,4550,23803308
0,36380,0
0,68646,0
0,16433,0
0,30669,0
0,78315,0
0,44345,0
0,46041,0
0,21735,0
0,6934,0
4000000,174865,0
0,34081,0
12000000,10045,9584131
25000000,168705,2405420
4800000,1690,80578934
0,9900,6538177
31000000,9044,28000000
0,9918,42647449
45000000,17379,38399961
15000000,10982,51053787
0,25608,0
50000000,834,111340801
0,25890,0
0,39345,0
0,44940,0
0,26782,0
0,37865,0
0,27742,0
0,72856,0
0,4772,0
7500000,14226,3752325
0,2455,0
28000000,12701,358574
0,21519,0
0,27622,0
0,43626,0
0,16553,1117920
0,25652,0
0,45802,0
0,39788,0
0,12517,0
0,65891,0
0,24580,0
3000000,11246,0
4500000,49683,0
0,52728,0
0,23957,0
0,49653,0
0,27344,0
0,7295,0
0,78237,0
0,29952,0
0,28638,0
0,14942,0
0,7509,10422387
8000000,24269,0
0,2117,0
0,47250,0
0,36768,0
0,29040,0
25000000,9912,0
0,24163,0
35000000,1969,10496317
0,31858,0
0,8435,0
0,34187,0
0,12116,0
0,53367,0
0,38349,0
0,124484,0
0,45759,0
0,11183,0
26000000,13275,17496992
40000000,11565,138259062
25000000,11283,122489822
0,97936,0
0,19416,0
0,17,0
0,27568,0
0,27629,0
0,45726,0
0,33117,0
0,108994,0
0,54227,0
0,25167,0
0,16452,0
0,61105,0
0,31894,0
25000000,9286,117719158
0,86168,0
0,15363,11400000
0,30712,0
0,31416,0
3000000,292,11718595
0,37631,0
0,77291,0
0,196918,0
0,1544,2455831
0,1651,0
0,33095,0
0,33799,0
0,42328,0
0,31432,0
0,61559,0
50000,20981,0
0,12096,0
1100000,33061,5450815
0,5145,0
50000000,9975,69834815
45000000,9754,82800000
0,36495,0
0,52612,0
0,23965,0
0,29269,0
15000000,10053,66966987
4750000,10263,206871
0,7515,0
0,15675,0
37665000,9959,14655628
3500000,14256,113783
40000000,9036,120455994
20000000,10073,48548426
17000000,7304,9500000
6000000,16781,57231524
0,24432,0
30000000,9920,31070211
28000000,10025,38159905
38000000,9682,29907685
0,17700,0
55000000,2207,65664721
0,14086,0
0,14887,0
0,44435,0
0,18747,0
0,9756,0
0,34581,0
50000000,6877,128406887
0,14609,6700000
80000000,950,660940780
0,10912,0
18000000,9968,0
0,4173,0
0,43386,0
0,10116,0
0,113479,0
0,18493,0
0,16791,0
0,7483,0
0,20442,0
0,15590,0
0,1967,0
54000000,752,132511035
20000000,9655,33889159
6500000,9388,24793509
13000000,9950,2636637
45000000,388,184376254
3000000,868,9879971
12000000,14191,23006849
0,25874,0
2000000,18009,2260622
0,19286,0
0,19287,0
0,18011,0
0,114875,0
0,49781,0
0,9648,0
1380000,1379,1615018
0,62719,0
171200,29481,0
15000000,9792,69623713
50000000,10067,61112916
0,55676,0
0,11573,0
25000000,46828,2438031
0,35555,0
2000000,582,70000000
0,52885,0
0,143223,0
0,42120,0
0,88811,0
53000,669,0
0,49361,0
0,98864,3910019
0,37939,0
1500000,32052,0
0,34732,0
30000000,12763,34742066
0,56935,0
0,13222,0
0,42112,0
0,48764,0
0,1561,0
0,31289,0
27000000,186,56308881
0,8410,0
0,51311,0
0,21843,0
12899867,219,85582407
0,65873,0
8000000,13751,18948425
0,52345,0
0,53961,0
3500000,10292,0
0,15639,0
9000000,10069,27105095
0,43887,0
70000000,3093,38629478
475000,9270,3919254
0,11291,0
150000,28349,0
500000,10177,0
0,12591,0
500000,18045,0
0,16070,302179
0,11348,0
20000000,13960,21170563
0,41263,0
15500000,9035,0
0,9957,0
0,30139,0
18000000,9389,1831348
0,460,0
0,28752,0
0,19059,0
6500000,8998,13368437
21000000,44947,0
0,13468,0
0,20521,0
0,25428,0
0,53296,0
0,79363,0
0,34193,0
0,4441,2077763
0,84954,0
0,11490,5507396
0,11304,0
0,55368,0
0,18276,0
0,26514,0
45000000,4257,178262620
950000,2652,7022209
1500000,19592,0
0,1629,30857
0,17111,0
10000000,9526,0
0,19126,0
0,80556,0
8000000,39045,3261638
0,27201,15500000
60000000,5820,77920346
0,19661,0
0,41338,0
80000000,9904,37384046
0,50724,0
50000000,588,97607453
1601792,17247,253527
17000000,9310,7314027
0,48369,0
0,18858,0
558000,35545,2227000
0,1557,0
0,16367,8895428
0,17131,0
6000000,8982,27165581
150000000,956,397850012
0,36253,0
0,31506,0
0,42512,0
0,1416,0
50000000,9530,87528173
15000000,9829,76286096
0,10115,0
0,560,0
0,5717,0
0,41292,0
0,14384,0
0,28432,0
2000,19719,0
0,10008,0
8000000,7870,852872
0,34019,0
80000000,7518,343397247
0,9786,0
160000000,503,181674817
125000000,591,767820459
210000000,36668,459359555
52000000,9767,204999686
0,13689,0
400000,18164,95687
0,15013,0
0,21014,0
120000000,920,461983149
0,18484,634074
9600000,9700,4386236
1700000,14167,12762
9000000,12261,0
0,59892,0
0,15264,0
0,20330,0
0,44126,0
0,55418,0
0,101908,0
0,12766,0
0,15402,1410778
0,26116,0
0,32446,0
0,80919,0
0,15366,0
2500000,53905,0
0,38344,0
25000000,806,119188334
0,20021,0
32000000,9353,80197993
40000000,2044,114830111
82500000,9339,237681299
0,20945,0
0,122271,0
0,50254,0
0,28249,0
35000000,350,326551094
200000000,58,1065659812
54000000,1819,130431368
5000000,2295,26888376
75000000,9697,42285169
0,4474,60896147
0,43240,0
0,30022,0
0,28673,0
0,20556,0
0,4962,0
8000000,10007,0
40000000,1887,60474340
0,1841,0
0,71762,0
1000000,13508,1678874
0,1611,0
0,48693,0
1000000,1781,46243000
0,43155,0
0,16270,0
0,8997,0
0,42003,0
0,63100,0
0,18404,0
0,51571,0
1200000,16074,0
4200000,10947,0
0,71769,0
0,34787,0
0,29138,0
0,17628,0
0,8443,0
0,18553,0
0,26567,0
0,34186,0
0,17021,0
0,53231,0
0,22747,0
0,27320,0
0,17741,0
0,25563,0
0,146322,0
0,43147,0
0,7549,6971266
0,151590,0
1000000,41796,0
85000000,9615,158468292
0,9513,141702264
0,20604,0
0,410,0
0,31692,0
0,25509,0
0,31998,0
0,9917,21353303
0,10770,0
0,4375,0
0,8008,0
0,60269,0
0,51303,0
270000000,1452,391081192
0,43654,694438
0,7872,0
0,57406,0
10000000,18191,0
5000000,14474,0
8000000,773,100523181
0,16429,0
0,19999,0
0,126090,0
11000000,36576,4491986
0,33005,0
53000,36762,0
0,19676,0
0,10308,0
0,34380,0
0,19972,0
0,21631,0
0,35955,0
900000,41214,0
25000000,1164,135330182
0,71282,0
4000000,72881,0
0,9520,0
0,42839,0
0,32740,0
0,13141,0
12000000,31915,54000000
0,45817,0
0,43838,0
0,31463,0
0,39083,0
0,11554,0
0,25305,0
0,35199,0
0,15383,741766
0,47850,0
64000000,9072,101595121
0,43903,0
923,43600,0
0,73907,0
0,27716,0
0,54111,0
5000000,9727,0
0,14120,0
0,76344,0
0,42636,0
75000000,9297,140175006
0,26826,0
0,81312,0
0,5070,0
0,13802,0
0,43778,0
33000000,326,62022014
4000000,512,31584901
72500000,9718,162966177
110000000,1593,574480841
63000000,1852,162945894
30000000,1262,53653224
2160000,43610,9132000
0,126781,0
0,47758,0
0,13338,0
135000000,82,163794509
0,14963,0
0,9921,0
0,36342,0
0,51043,0
0,24164,0
0,1986,0
0,31152,0
55000000,1402,307077295
0,2805,0
18000000,9293,41009669
50000000,9906,55181129
0,84956,0
0,35075,0
0,55587,0
0,43597,0
750000,47880,1720953
0,31032,0
0,51857,0
0,42479,0
0,145899,0
0,43542,0
12000000,1948,42931041
5000000,148,0
0,9951,0
40000000,77221,5446000
2000000,77250,0
4300000,52452,0
0,31979,0
20000000,5289,10289
0,9782,0
51000000,9907,72779000
0,42501,0
0,27203,0
0,63618,0
0,35921,0
0,15696,0
0,19017,0
0,42756,0
0,37929,0
12000000,9762,114194847
35000000,14113,12506188
8000000,15049,12671300
0,86604,0
0,21712,0
0,15414,0
700000,7859,4911725
0,16998,0
0,25645,0
0,58311,0
4439832,18672,0
0,39776,0
12000000,11559,566611
0,31513,0
0,10348,0
0,26718,0
3700000,1023,0
662141,59964,1606624
0,71436,0
850000,2168,0
0,10118,11449638
23000000,9788,38505009
2200000,14174,0
0,11689,0
0,39797,0
0,39749,0
0,14893,0
0,33813,0
0,1540,0
0,26502,0
0,57840,0
40000000,1491,86915017
0,34233,0
0,33792,0
0,51601,0
15000000,1165,123384128
0,7291,0
17500000,9988,19179969
0,24115,13022756
0,11652,57806952
0,13816,0
0,34006,0
0,22238,0
200000,4913,0
0,63848,0
0,43006,0
0,19072,0
0,44892,0
0,15265,0
0,25599,0
15000000,11227,0
0,29589,0
0,33810,0
0,43841,0
0,41937,0
0,64499,0
0,24055,0
0,14597,0
500000,40769,0
40000000,9708,38755073
5800000,14351,7000000
900000,9813,381420
0,27453,0
0,39382,0
0,271,0
0,35327,5839164
0,49940,0
0,22471,0
6500000,1116,22889018
0,29966,88
0,43231,0
0,41508,0
0,61564,0
0,50070,0
0,37628,0
0,55343,0
0,5072,0
0,2566,0
0,1249,16803753
20000000,9954,37597471
1600000,43829,0
0,171771,0
20000000,7511,0
0,32687,0
9000000,14057,0
2000000,13075,622806
0,24916,0
30000000,7512,495303
0,1776,0
10,1963,0
0,58905,0
35000000,10846,0
1800000,32969,0
35000000,1381,15304890
0,15097,0
0,34068,0
0,43837,0
0,15374,0
0,15242,0
0,125759,0
6000000,300,9524340
0,31148,0
1549000,16411,7096000
4000000,44046,0
0,52859,0
0,76117,0
50000000,9676,49111202
0,6948,0
0,15213,16627188
30000000,9766,41480851
0,32761,0
0,12249,0
0,34127,0
0,390,0
0,66487,0
0,1595,0
0,1622,793604
0,15742,0
0,161277,0
0,43410,0
0,5726,0
0,1666,0
76000,5721,6000000
0,41758,0
0,51079,0
0,43122,0
40000000,1579,120175290
0,119907,0
5000000,65488,0
60000000,9664,17800000
11000000,12094,72778712
55000000,1717,9450897
450000,15624,973525
0,15997,0
0,47190,0
0,2753,203781
18000000,496,261572744
0,40862,0
19000000,1417,83258226
0,24751,0
70000000,4643,55011732
85000000,7484,197309027
20000000,9842,17807569
0,36249,0
0,111642,0
0,27275,0
90000000,1422,289847354
16000000,10781,0
12000000,9794,38368909
40000000,9978,23937870
0,30025,0
0,14812,0
0,164687,0
1900000,8332,0
0,3593,0
12000000,7510,6754898
0,28115,0
0,28297,0
0,16548,0
20000000,1975,39143839
20000000,9895,41237648
20000000,8975,22165608
13000000,9672,1151330
20000000,15005,13391174
1000000,39183,0
0,42236,0
0,52360,0
0,98498,0
0,46774,0
6000000,86,0
0,78479,0
0,10070,658573
2500,13209,0
26000000,1440,14821658
0,13364,201275
0,43847,0
11,28932,11
100000,18925,10178331
0,77198,0
6000000,1523,48027970
0,14201,0
2000000,1378,5179037
0,49481,0
76000000,9693,69959751
40000000,1124,109676311
90000000,3683,65900249
15000000,14012,21000000
0,43673,0
0,4285,0
9500000,14097,24000000
0,59500,0
0,78507,0
0,8194,516139
0,5890,0
0,6077,767311
10000000,214,163876815
0,1123,4291965
2000000,21173,167000
0,50573,0
0,36922,0
0,43071,0
0,59087,0
0,14620,0
1200000,43884,2736000
0,80427,0
0,21156,0
149000000,11619,64459316
50000000,1427,132180323
4800000,23030,0
12000000,13767,84500122
0,19109,0
0,33218,0
0,144541,0
0,24553,0
0,21057,0
0,68736,0
0,67880,0
0,35561,0
0,60567,0
0,4928,0
0,27295,0
0,55831,0
0,12486,0
0,20785,0
35000000,9726,42064105
0,2152,0
0,36215,0
1500000,61650,0
15000000,10093,11992014
12000000,14799,5542025
0,29044,0
0,13542,0
0,21710,19791
0,8588,0
150000000,36557,599045960
100000000,9836,384335608
4000000,9809,4630045
75000000,7551,180557550
0,10741,0
0,9969,47231070
0,2357,580527
85000000,1581,194168700
0,21600,0
0,57977,0
12000000,313,1381665
2000000,7873,5967038
0,14823,0
250000,27387,0
0,8324,0
0,29415,0
0,27019,0
0,85505,0
0,42822,0
150,5698,0
0,36265,0
22000000,2179,13405595
0,39219,0
0,47156,0
0,15152,0
0,14457,0
0,76211,0
0,38450,0
0,15804,0
0,14978,0
35000000,2447,0
0,10032,6086508
10000000,9796,0
100000000,1372,170877916
0,22440,0
0,39554,0
0,17604,0
0,15077,0
26000000,18147,0
0,54910,0
85000000,9986,144000000
100000000,2486,249288105
24000000,1246,155721132
0,43970,0
16800000,18615,2281089
0,40574,0
0,13210,0
0,25060,0
500000,12795,745327
0,11653,0
0,16066,0
0,95797,0
0,77966,0
0,55819,0
0,46948,0
12,97519,0
0,43791,0
0,82944,0
19400000,14202,0
65000000,11170,43545364
0,12924,0
0,30060,0
85000000,1247,59908565
70000000,1125,154937680
0,8436,0
5000,14277,0
0,11214,0
0,33583,0
21000000,1646,41170784
2000000,58923,0
0,47143,0
0,7736,0
0,1730,849055
45000,42241,0
0,20537,0
0,12812,0
4000000,8618,13401952
15000000,1259,49469904
70000,20842,0
15000000,10908,0
0,34943,0
0,27067,0
21000000,9053,480314
110,1494,0
0,13318,0
0,10462,0
32000000,182,5914908
0,31048,0
19000000,1251,68673228
0,43512,0
9000000,9656,21510851
47000000,5393,38085778
12000000,14171,0
20000000,14396,10337477
13000000,1931,75511123
30000000,13967,35078241
86000000,9992,107944236
0,16371,0
900000,19344,0
0,8275,0
0,79767,0
0,2433,0
0,2204,0
0,42567,0
300000,26518,0
0,14449,0
0,13771,0
0,33375,0
0,10810,0
0,1773,0
0,11578,0
0,11972,0
0,38025,0
0,27095,0
0,31325,0
0,4283,10597734
0,7457,15309302
10000000,8398,25399945
0,13551,0
0,36878,0
6000000,19166,0
0,43470,0
0,3549,0
0,25648,14742
0,11225,0
0,6166,0
0,19629,0
0,12183,0
0,56705,0
0,27337,0
0,78318,0
0,37952,0
0,46919,0
60000000,1265,137587063
0,14137,0
0,15689,0
100000,27432,362222
0,36877,0
0,14891,0
0,12547,0
0,25623,0
0,13140,7778177
0,13365,238073
2000000,10758,22179430
0,26594,0
0,22473,0
0,51863,0
0,50754,0
0,74126,0
0,16138,0
25000000,13668,16158487
17000000,7516,57103895
0,10075,0
20000000,9760,86865564
16000000,9966,1109660
0,1257,69485490
50000000,1248,82169884
60000000,9757,95673607
0,56165,0
0,90560,0
3000000,5206,0
0,14761,163000
0,1252,0
150000000,2062,623722818
0,11650,0
0,12580,0
0,40641,0
0,23544,0
13000000,2266,4857367
13000000,5172,11130889
0,15962,0
0,9965,0
0,13127,0
0,34866,0
15500000,37725,7385434
5000000,40973,3000000
0,63460,0
0,13517,0
0,22105,0
14500000,2016,22963701
0,3024,0
0,47200,0
0,17266,0
3700000,9828,3338228
0,34038,0
0,71506,0
0,74581,0
5000000,9958,3833507
110000000,1250,228738393
0,4169,33231264
10000000,16555,31609243
40000000,11172,145896422
30000000,3594,77566815
10000000,10090,20342161
15000000,7874,10903846
0,14845,0
0,29965,0
0,13916,0
0,52920,0
0,48215,0
0,22485,0
0,13393,0
7000000,12271,0
0,40394,0
15000000,17919,0
994000,13185,165000
5000000,26655,0
0,42630,0
0,22172,0
0,42721,0
0,27523,0
0,28955,0
0,27313,0
12000000,4638,80573774
2000000,68979,0
0,11841,0
0,28261,0
7,83980,0
0,94393,0
0,9695,0
0,24653,0
0,1993,0
0,28710,0
0,28438,0
0,97548,0
0,11945,0
0,12554,0
0,26598,0
0,5691,0
0,6443,0
70000000,1738,76066841
0,1253,8974829
0,38021,0
0,15325,0
0,34389,202000
0,15163,0
818418,14375,4851244
3000000,10845,0
13000000,31659,8475466
0,15582,0
0,42999,0
0,31015,0
65000000,1949,84785914
0,11330,0
0,99259,0
0,10942,0
0,7006,0
275,27040,0
0,11199,253625427
2000000,41393,30
0,9784,0
0,25530,0
0,36610,0
0,50812,0
0,27864,0
0,8965,0
0,14710,0
0,14624,0
65000000,1271,422610419
0,10790,0
0,18019,0
0,64142,0
0,61648,0
8,14055,21
0,2267,27297451
0,6691,2036198
11000000,1255,88489643
0,47249,0
0,49709,0
0,31040,0
0,50185,31815
0,25105,0
16500000,2977,37311672
0,15664,2043704
0,25062,0
12000000,16727,20138836
0,5413,0
0,46916,0
0,52679,0
11000000,14434,13196245
1200000,27919,0
0,47837,0
0,11494,0
0,19936,0
20000000,9963,84146832
20000000,14001,22217407
20000000,2355,22222308
0,16385,0
61000000,7485,95696996
15000000,9793,0
34000000,1273,95608995
0,17388,0
0,4657,0
0,42595,0
25000000,19495,0
0,27263,0
0,10051,0
21000000,9075,26193068
0,20527,0
0,8199,0
0,37513,0
0,43976,37598
0,43974,0
3000,83346,0
0,30081,0
0,17677,0
0,56474,0
0,42066,0
10000000,11958,0
0,192675,0
0,5177,0
0,20122,0
0,33673,0
0,297853,0
0,18437,0
0,38432,0
16000000,8270,5367030
53000000,9955,0
0,16201,0
0,57241,0
0,10172,0
40000000,1683,62771059
0,10107,0
150000000,1267,169332978
0,16018,0
0,22311,0
18000000,13249,1196307
0,175027,0
50000000,1272,32017803
0,23024,0
11000000,1590,0
0,32390,0
25000000,9903,11772461
0,28433,0
0,22549,0
19610000,10798,0
0,47848,0
0,102227,0
315000,13377,0
0,14945,0
50000000,11515,9448082
60795000,7183,73090611
20000000,8271,117760134
45000000,1534,30822861
0,13158,0
0,118536,0
0,23397,0
0,35838,0
0,20405,89417
15500000,18777,1237615
26000000,16392,0
0,17422,0
0,63951,0
0,32627,0
0,1407,0
0,81309,0
0,15534,0
0,30694,0
25000000,1441,5549200
0,6145,91354215
0,9843,0
0,54659,0
0,48994,0
0,18767,0
19000000,10294,35300645
0,32623,0
0,1987,0
10000000,13067,17500000
0,10111,0
0,30307,0
25000000,1268,229736344
0,185158,5965
0,21810,0
30000000,9785,26810113
0,13280,0
0,14636,8642858
258000000,559,890871626
0,1950,5761917
0,13352,0
0,28304,0
0,20553,0
0,24397,0
0,20525,0
0,13894,0
0,38907,0
0,18549,0
22000000,37933,68000000
0,20025,0
1100000,14240,0
0,13574,0
0,13569,0
8000000,49081,2019009
0,17439,0
0,13171,3091922
0,16447,0
0,4977,944915
0,15008,0
0,31866,0
0,46875,0
0,27904,0
0,11705,1128345
0,19947,849915
0,43969,0
4200000,2269,38862717
2380000,11798,8176544
0,28772,0
0,1919,0
30000000,4964,219076518
50000000,2976,90450008
0,8421,0
0,41380,0
15000000,1562,64238440
20000000,13159,0
12,14547,0
0,11205,0
0,36676,0
0,38077,0
0,10004,0
0,43618,0
0,43397,0
0,25395,0
160000000,810,798958165
160000,5723,20710513
300000000,285,961000000
4000000,12526,8059140
20000000,3432,41637263
0,1872,0
9000000,15568,2955039
0,14208,0
0,14207,0
0,24200,0
50000,50153,0
0,18902,0
0,5488,4354510
0,15860,8685526
0,8748,0
30000000,3489,16930884
0,55823,0
0,10063,1675484
0,13979,0
0,12225,2294291
85000000,298,311312624
0,10832,0
0,36143,0
2000000,14064,300000
0,13742,0
0,2241,0
0,39465,0
0,12561,0
0,36679,0
0,40765,0
0,30574,0
0,37959,0
1000000,18206,10018
10200000,1691,35619521
0,29617,0
0,1990,486021
0,170261,0
0,22049,0
85000000,9408,149044513
130000000,1979,289047763
0,14043,0
8000000,10288,426224
0,74055,0
0,45664,0
25000000,1991,25037897
16000,43353,1000000
10000000,9952,7177143
0,60400,0
0,32004,0
0,17035,0
2000000,17320,265198
0,21427,29326868
0,17660,0
0,9724,0
1400000,1294,0
0,33294,0
0,57425,0
0,42700,0
0,12713,0
0,25875,0
0,12543,0
25000,13120,0
14000000,34573,0
0,71822,0
4500000,13807,0
0,11211,0
0,27138,0
0,85535,0
0,2748,0
250000,54934,340147
0,125025,0
0,55859,0
0,27464,0
0,122291,0
0,28666,0
0,41930,0
0,75350,0
0,77621,0
0,43229,0
0,266525,259
230400,9815,0
0,12695,15543000
0,32575,0
0,49870,0
0,37985,0
0,42464,0
9000000,2359,24538513
2224000,442,28000000
0,25150,0
0,63096,0
0,43836,0
16000000,1988,18928871
25000000,3021,94679598
9000000,2196,46
0,18425,0
0,19606,28400000
110000000,1571,383531464
35000000,2959,69307224
0,6022,0
175000000,2698,173000000
150000000,1858,709709780
17000000,14125,2626800
150000000,675,938212738
85000000,3563,186072214
0,40618,0
0,26185,0
0,31652,4300000
0,30443,0
0,18763,0
25000000,13491,0
0,11404,0
0,16083,382267
0,37292,0
0,27683,0
0,13402,0
0,19968,0
0,24582,240239
0,4688,0
2000000,13337,0
0,27359,0
0,101897,0
0,54494,0
0,10857,5274
0,81847,0
0,43898,0
0,44502,27953
120000,18632,0
0,32444,0
6000000,7547,0
0,10074,14334401
70000000,2270,135560026
0,757,0
0,15581,0
0,14219,0
75000000,35,527068851
12000000,5857,9620399
28000000,3638,92601050
0,6589,0
12000000,8669,0
0,15934,0
70000000,2503,442824138
0,14123,0
0,88527,0
0,155386,0
0,4516,0
4000000,8141,2426851
0,59995,0
0,14217,0
0,54546,0
0,10795,0
0,20163,0
0,31777,0
0,33916,17393
0,24159,0
0,1721,0
0,31601,0
0,25360,0
0,34588,0
0,40060,0
0,18650,0
20000000,8363,121463226
0,4658,0
0,5956,719968
0,6535,4778376
0,1127,0
0,9847,0
0,23861,0
0,1393,0
10000000,2701,0
0,12455,0
0,28049,0
0,23495,254190
0,13074,0
0,17274,0
0,17350,0
0,21494,0
140000000,5174,258022233
0,28742,0
67000000,9703,25303038
0,22085,0
0,3542,0
0,43750,0
0,9750,41098065
16500000,10760,13620075
70000000,4349,86658558
6000000,14223,0
0,13068,0
0,9561,0
6000000,14144,18197398
80000000,4858,15071514
25000000,10431,40452643
0,15156,3106835
20000000,12435,47738099
11000000,14877,0
15000000,2082,80253908
20000000,11835,16974459
0,1845,19776159
0,14229,0
0,13385,0
0,6609,0
0,45211,0
0,48169,0
0,13958,0
0,81700,0
0,2335,0
0,10961,69136
0,22779,0
0,10071,0
21000000,4351,0
0,12994,0
0,42735,0
0,2882,0
0,53975,0
15000000,13501,20380
0,6916,36782781
0,84242,0
0,1992,0
55000000,5176,70016220
39000000,4141,26820641
0,13173,0
0,14348,0
0,14786,0
0,31058,0
0,19583,0
30000000,4347,129266061
0,13529,0
0,13241,0
0,523,0
852510,2009,1185783
2000000,12901,1431623
15000000,13722,0
0,3469,0
70000000,4413,69766619
23000000,6973,29541790
2200000,7913,11502151
24000000,15019,9576495
0,77210,0
4000000,4629,46474
0,15361,0
0,5353,0
51500000,2252,55112356
1600000,14788,0
0,63607,0
8000000,13072,458232
0,30365,0
0,42170,0
0,13754,0
2000000,14284,0
0,20308,0
0,6641,0
0,15071,0
0,8414,0
22000000,10425,413454
0,24170,0
0,20942,0
45000000,7737,148412065
22000000,13257,0
25000000,10030,59192128
15000000,5915,56255142
22000000,13680,147880543
15000000,4588,0
0,14313,5741608
0,2728,0
0,2274,0
60000000,9038,127766650
25000000,7211,68377859
16000000,4538,24377151
21000000,2001,54926886
55000000,4517,74237563
25000000,4566,92991835
0,4520,342835
12000000,6615,11293663
30000000,4513,75505973
27500000,5125,24748670
16000000,3877,2849142
0,8954,0
19000000,4771,34619699
15000000,10759,0
0,14251,0
0,14848,0
0,14930,0
0,9773,0
0,13538,0
0,18421,0
30000000,4512,14711793
0,84972,0
0,37954,0
0,39893,0
8000000,13197,143451
0,15048,0
0,14041,0
0,9898,0
0,1922,0
0,41044,0
0,84567,0
0,15669,0
7300000,2011,0
0,5708,8159508
0,5951,0
0,114033,0
0,13319,0
0,33688,0
0,20646,0
0,90374,0
0,18613,0
0,9911,0
0,27419,0
0,15667,0
20000000,14753,0
0,46067,0
0,50155,0
0,13066,0
0,27827,0
0,3603,4947717
3800000,2014,17804565
15000000,17202,55184721
10000000,663,139352633
0,9262,0
0,15651,312751
0,27276,0
0,95560,0
420000,25476,0
0,48301,0
0,29362,0
0,33931,0
0,12646,0
2700000,20605,0
0,14279,0
0,20607,0
0,2015,0
0,28007,0
4000000,7347,0
0,14421,0
0,5718,1027699
0,5126,0
0,16126,0
0,18731,0
0,37005,0
5000000,18442,0
0,42173,0
100000000,4982,266465037
150000000,5559,287594577
1700000,25755,0
18000000,7972,25005257
14000000,2013,19777647
25000000,6977,171600000
0,39127,0
0,4953,0
1000000,10520,18479
0,26336,0
0,37368,0
0,19026,0
25000000,5123,66122026
0,16203,0
0,53827,0
0,18612,0
0,5817,0
0,13363,0
3,43987,4
0,32726,0
35000000,4515,63215872
100000000,5375,97838349
70000000,2310,195735876
0,2284,69474661
45000000,6639,4607608
17000000,4723,374743
0,29162,0
0,48267,0
0,16768,0
0,21296,0
0,24732,0
3000000,10251,0
0,15006,22136
0,24060,0
4000000,34898,0
0,12555,0
0,22606,0
190000,13561,0
0,13168,8768
4000000,20714,7537453
0,11148,0
0,46872,0
0,18312,0
0,17460,0
18000000,5876,57096190
85000000,4523,340487652
24000000,1620,99965753
13000000,15250,0
8000000,13474,7766240
9100000,8079,37707444
86000000,13483,14373825
180000000,2268,372234864
150000000,6479,585349010
60000000,6477,361366633
0,7249,0
0,44783,0
10000000,13998,0
20000000,3902,4001121
0,18631,0
0,43308,0
0,11476,0
0,8272,0
4000000,13186,0
0,6537,44000000
0,43798,0
7500000,7326,231411584
30000000,1874,0
0,55192,0
0,33003,0
10000000,1989,21786738
0,4946,0
0,24123,0
9000000,28522,0
0,48266,0
0,71848,0
0,34424,0
7800000,25460,0
0,25740,0
0,13076,0
5000000,11600,782102
0,35237,0
0,13023,0
0,150938,0
900000,46902,82701
0,10884,0
0,13348,0
0,64942,0
1300000,25784,639000
0,22452,0
45000000,7350,175372502
7000,66110,0
0,26600,0
20000000,7979,73276047
0,20567,0
0,45126,0
1500000,52473,0
0,12171,0
0,157373,0
0,71066,0
0,13299,0
20000000,13250,0
0,42790,0
0,9867,0
0,15495,0
0,53896,135893
0,14148,0
19600000,48737,0
0,13198,0
0,14804,0
8000000,111744,0
0,36328,0
0,23817,0
50000000,13885,152000000
130000000,6637,457363168
0,12130,0
25000000,7345,77208711
0,42529,0
75000000,6538,119000410
0,40682,0
40000000,440,41797066
35000000,6575,18317151
8300000,19213,0
0,19103,0
0,6076,81303447
0,9546,0
0,40860,0
0,111854,0
15000000,14047,30226144
0,1488,0
0,14118,0
40000000,54318,103071443
0,69315,0
0,45871,0
30000000,6023,156835339
0,26990,5800000
30000000,6557,160259319
0,107282,0
0,28363,0
0,17181,0
0,69557,0
0,110909,0
0,31068,0
0,60141,0
200000,32307,0
0,49367,0
0,28272,0
0,4787,0
0,21847,0
0,33358,152810
2600000,7508,28430000
0,20629,0
70000000,10253,53587404
0,44434,0
0,5259,0
0,47841,0
1500000,8329,30448000
5000000,14062,0
0,51992,0
0,49717,0
60000000,2312,0
20000000,13195,6819587
0,78705,0
0,30535,0
25000000,7191,170764026
0,12085,0
15000000,24624,0
12000000,4170,0
25000000,13252,0
0,42635,0
0,11908,0
10000000,15017,0
0,86241,0
2600000,8875,0
0,37780,0
0,18290,0
0,10247,0
0,43604,0
0,3575,0
0,28303,0
293000,27507,0
0,71068,0
0,111747,0
0,32716,0
0,41845,0
0,25078,0
0,14069,3800000
0,15053,0
0,81522,0
20000000,6933,0
0,14423,38804615
35000000,8090,32483410
50000000,7555,113244290
0,16988,0
30000000,7278,84646831
12000000,9030,56309766
0,14220,6575282
10000000,13160,0
0,27357,0
0,10834,0
50000,13059,249905
85000000,11253,160388063
0,58470,0
0,38007,0
15000000,8321,34533783
0,17665,0
0,4034,0
68000,1479,0
0,2282,0
0,100526,0
2000000,62652,111000
0,53094,0
0,244145,0
0,59474,0
250000,19275,0
0,7973,0
0,15020,0
0,34981,0
4000000,13054,0
0,18893,0
1500000,55294,0
0,43691,0
0,7839,0
0,77245,0
7000000,19384,9229401
0,13121,0
0,71072,0
0,46885,0
0,13315,0
0,42041,0
35000000,13490,43650785
70000000,8676,111231041
0,43705,0
0,12855,0
15000000,37003,22730842
0,15030,0
0,12167,0
0,28093,0
0,20520,0
0,76235,0
0,48131,0
85000000,8247,222231186
0,7992,0
0,14105,0
0,8390,55447968
0,21490,0
0,95169,0
0,13641,0
0,113788,0
0,18652,0
0,125742,0
40000000,7461,151161491
90000000,8204,162839667
23000000,8328,150816700
8376800,14073,13000000
0,94009,0
0,12650,0
0,72602,0
0,25919,0
0,15365,0
35000000,12184,0
0,13260,33472850
10000000,7942,33000000
0,36091,0
0,117001,0
0,38052,0
1000000,13362,274661
0,10844,0
0,21043,0
0,23312,0
0,11161,0
0,6473,0
0,90387,0
0,33034,0
0,38804,0
0,21373,0
0,13493,68397662
105000000,7840,266000000
20000000,8848,64822796
30000000,13460,22211426
85000000,12222,297138014
15000000,8461,7938872
0,7862,0
18000000,12246,26527510
0,16666,0
62000000,12177,41819064
0,15511,0
2000000,13025,5364858
8000000,2239,60641
15000000,7985,0
0,7343,307076
0,28816,0
0,14066,0
0,37300,0
7000000,13016,0
0,10797,0
1800000,6391,0
3500000,14011,5231128
0,29004,0
0,18586,0
0,13196,0
0,3764,0
0,14793,0
25000000,8944,6673422
12000000,15124,0
16500000,33166,0
2349352,45757,0
2000000,28260,54207
0,12178,16051363
0,14054,414404
12000000,8060,0
0,22551,0
0,43797,0
22500,383,0
0,78307,0
0,12453,0
0,28205,0
185000000,155,1004558444
0,72608,0
50000,29369,0
0,29907,0
2500,46883,15425
0,36527,0
0,79161,0
16000000,18070,0
0,14014,0
20000000,8456,41627431
0,22521,0
0,79156,0
0,42536,0
0,13688,47301471
40000000,8457,0
0,86792,0
0,32579,23311391
0,11534,0
0,18633,27769
0,19333,0
0,31409,0
24000000,13495,23321954
300000,27323,3952448
4500000,22060,0
0,511,0
0,7797,0
0,8093,0
35000000,8065,69823199
7000000,12890,10569964
0,15185,0
0,44813,0
0,60612,0
0,31421,0
0,24411,0
58000000,4942,41299492
16000000,14044,34786960
0,42143,0
40000000,11483,1641825
0,36223,0
0,25904,0
25000000,8988,11207130
0,7944,0
0,18031,0
0,18218,0
0,46982,0
0,13317,0
0,14272,0
0,28705,0
0,35760,0
0,16283,0
6000000,7351,1300000
0,8281,0
0,99339,0
0,8267,0
3000000,13312,0
37000000,10488,100076342
8000000,11152,0
0,15260,0
0,18181,0
30000000,9870,105173115
0,14424,0
35000000,11918,25871834
20000000,1266,65569869
0,12473,9234510
12000000,13335,43493123
0,8827,0
0,12156,0
120000000,7459,93945766
0,9997,0
0,28704,0
0,38376,0
0,8319,0
0,92299,0
55000000,1729,127906624
0,12179,0
8000000,13079,0
0,24701,0
0,28131,0
38000000,14324,5410749
0,10503,18130888
0,13007,0
0,9017,0
0,25119,0
0,53196,0
0,38163,0
4000000,13258,6870249
0,14236,0
0,13784,0
0,27918,0
0,28435,0
0,31604,0
0,38661,0
0,40044,0
0,40214,0
0,40045,0
0,1810,0
500000,47120,0
0,7861,0
25000000,13018,17741298
30000000,8780,63833449
8000000,10886,0
0,13650,0
0,29291,0
3500000,13359,7700000
0,26232,0
0,8617,14796236
7000000,6967,0
140000000,1726,585174222
0,22194,0
40000000,10761,84601681
7000000,12400,0
0,16135,0
0,14000,0
600000,43664,1023156
25000000,8681,226830568
0,16450,0
3000000,12198,0
0,14784,3669465
7000000,13001,8900000
0,13412,0
0,13162,834457
5000000,13243,346592
2000000,13008,0
35000000,9029,170000000
0,15957,0
0,8277,0
0,17106,0
0,12586,0
0,41648,0
0,3014,0
0,43822,0
0,87541,0
0,16042,0
225000000,2454,419651413
0,12197,0
0,32684,0
0,25527,0
0,17483,0
0,14530,0
0,21182,0
5000000,13191,1296184
0,38834,0
0,15356,0
0,15281,81368
185000000,217,786636033
0,13534,0
6000000,50700,0
0,85514,0
0,10120,0
0,60676,0
0,22498,0
0,37481,0
0,12808,0
0,82437,0
0,43145,0
0,44260,25
0,38282,0
14100000,12245,0
0,10885,0
5400000,15378,0
65000000,4564,415252786
9000000,10665,82391145
4600000,10822,0
0,13636,307811
750000,9022,0
0,31512,0
50000,14103,0
130000000,9502,631744560
0,16117,0
0,130639,0
222000,51929,0
0,74349,0
0,14050,0
0,14019,0
0,15776,0
0,17221,0
0,37308,0
0,29377,0
0,26119,0
0,42358,0
0,50231,0
0,4857,0
0,79761,0
0,37626,0
0,48564,0
0,46189,0
0,72609,0
0,117044,0
0,114348,0
0,95402,0
0,14305,0
0,72445,0
0,20017,0
0,45996,0
90000000,10661,201596308
0,60261,0
0,13172,0
0,45791,92
5000000,9789,6463286
5000000,13848,0
0,51484,0
700000,3687,0
0,22090,0
0,2982,0
0,42657,0
0,45408,0
1500000,82731,0
0,37412,0
0,66180,0
0,31742,0
0,12912,240476
0,13170,0
0,14748,1200398
5000000,15691,42000000
0,13206,0
40000000,14392,0
1500000,18467,0
0,14882,0
60000000,8645,163403799
150000000,1724,163712074
0,5759,0
40000000,13405,7400000
0,49258,0
180000000,10681,521311860
75000000,8909,258270008
150000000,8960,624029371
500000,15728,220151
0,23676,0
0,1938,0
0,75141,0
0,42473,0
0,13993,0
80000000,11665,230685453
1500000,13019,0
0,21074,0
0,26354,0
0,22905,0
0,10748,0
89000,27509,0
0,14949,0
0,78998,0
0,12889,0
0,28681,0
0,41850,0
0,85559,0
0,51890,0
0,45698,0
0,26302,0
0,32263,0
259000,27506,921000
0,111305,0
103000,27505,704000
0,27504,0
152000,64852,0
0,78321,0
5000000,77765,0
0,45512,0
0,43031,0
0,13205,0
0,30106,0
0,13065,0
0,8359,0
0,13003,0
6000000,13990,2899975
0,15272,783000
0,80659,0
0,10842,0
0,72163,0
0,29882,0
0,40630,0
0,31658,0
0,14349,204660
0,12172,0
0,64131,0
8000000,15125,0
0,8847,0
0,43869,0
0,94525,0
0,125550,0
0,13009,0
0,13675,0
0,33588,0
0,16800,0
0,56224,0
0,14111,0
0,17479,0
0,32604,0
52000000,11631,609841637
0,20158,0
11000000,8265,53191886
0,42718,0
0,15654,83398
0,14634,473993
0,14414,0
0,428,0
0,20548,0
4300000,14145,0
0,9010,0
0,13022,0
0,68259,0
0,9783,0
0,10190,367638
0,43487,0
0,13353,0
0,16019,0
0,46531,0
5200000,13614,14723313
0,4966,0
45000000,88751,101702060
60000000,11260,50650079
0,13964,0
0,13692,0
20000000,13910,8380329
0,10818,0
0,14456,4910682
0,15840,0
0,15830,0
0,25647,0
0,14898,0
0,12416,0
2400000,572,0
0,36226,0
0,60531,0
0,13021,0
20000000,16007,27793200
0,158800,0
0,18035,0
0,43253,0
0,14820,153205
15000000,6687,5926410
37000000,11802,63800345
6500000,2002,0
0,78527,108282
7000000,12914,0
130000000,13183,185258983
0,116333,0
0,13255,0
0,14154,0
0,32666,0
0,80523,0
0,12247,0
2000000,22100,0
0,19244,0
0,32008,0
2900000,13012,0
65000000,12133,128107642
20000000,12568,13204291
30000000,8836,68369434
5000000,13259,0
0,14048,2957978
0,12270,0
0,18846,0
0,10898,0
0,13541,0
9364800,11910,0
0,17245,0
0,30112,0
8000000,12192,0
0,70846,0
700000,16725,31576
0,117129,0
0,15865,0
0,4140,0
0,14061,0
0,85685,0
0,43680,0
0,16700,0
0,167928,0
145000000,1735,401128639
21000000,10187,17600000
15000000,10185,3533227
0,10183,0
0,31082,0
5000000,13996,4040588
15000000,5038,96408652
3500000,13851,0
0,19877,18000000
1500000,46871,0
0,28273,0
4200000,15859,0
1182273,31922,0
0,14654,0
10000000,13251,0
0,1661,0
0,41245,0
27000000,10189,101624843
80341000,12289,127814609
0,45579,0
0,15069,0
0,2012,0
0,18056,0
0,18803,0
27000000,10188,44352417
0,13300,194287
13000000,11671,14894347
1000000,63474,0
0,15570,0
0,155796,0
0,15208,0
0,15662,0
0,22029,0
0,13649,7000000
92000000,7446,188072649
0,14878,0
8500000,12180,68282844
0,13107,1829917
0,29568,0
8000000,13256,2033165
0,13436,0
2000000,8885,11125849
4000000,13310,10785801
0,12621,0
45000000,10483,73762516
25000000,12620,70442940
0,13579,0
15000000,10186,8762890
0,15320,0
35000000,13515,72436439
0,5592,0
25000000,13956,0
0,60230,0
0,43389,0
0,31018,0
3800000,13637,2725258
0,18116,0
0,15661,0
0,13564,0
0,14566,0
0,14298,0
37000000,4944,163720069
25000000,13805,14109284
70000000,9381,72108608
22000000,13291,23530831
7000000,13991,6230276
0,22319,0
16000000,13972,50007546
0,16182,0
0,14771,0
0,43040,0
3500000,15206,54947
60000000,8285,39031337
0,118309,0
0,18539,0
0,21335,0
20000000,12165,0
0,85574,0
45000000,13184,42487390
1100000,12818,0
0,27521,0
0,13726,0
0,102305,0
8000000,35854,0
0,14075,0
1300000,22554,0
0,18596,0
0,26431,0
0,38019,0
0,43177,0
0,39368,0
0,3865,0
79000,13484,245000
8000000,14458,0
0,25795,0
60000000,13389,73174566
20000000,13279,27640028
4002313,38140,6
0,3,0
0,12797,0
0,8908,0
0,15822,0
0,4998,0
0,16456,0
0,3041,0
0,71139,0
0,41264,0
0,24777,0
0,20802,0
0,47721,0
0,14232,0
10000000,14098,0
14000000,14643,0
0,30944,0
0,50759,0
0,38226,0
20000000,12690,20211394
45000000,12412,9323833
0,37050,0
0,38311,0
0,37776,0
0,54669,0
0,73169,0
0,1984,0
0,38361,0
0,73920,0
80000000,13027,178066569
27000000,13092,17286299
200000,25126,0
0,14326,84375061
0,50011,0
9000000,12182,32973937
0,14928,0
0,38616,0
6500000,9539,0
0,81296,0
0,46492,0
0,131805,0
2500000,13200,0
0,38601,0
0,822,0
0,8882,0
0,42095,0
0,13401,22707064
0,20015,0
0,12783,0
4600000,12683,0
10000000,3097,25800
0,15981,0
0,41666,0
0,14976,0
70000000,12113,113280098
55000000,13600,17869048
0,10078,1752038
200000,30266,8000000
0,11874,0
0,19566,0
35000000,13051,85416905
0,39816,0
24000000,10358,42105111
25100000,10523,29506464
20000000,13596,36620508
0,56942,0
0,71206,0
21000000,4960,0
0,120481,0
0,32620,0
11000000,12837,38105395
0,14914,0
20000000,13948,7000000
0,25142,0
7500000,7735,19000000
0,14791,0
0,76406,0
0,101929,0
0,2397,0
1,12689,0
0,15935,0
0,15450,0
6100000,25741,0
12000000,13812,40855419
0,108634,0
0,27361,0
0,225614,0
0,13489,0
30000000,13150,31148328
0,13414,0
40000000,14325,9793496
0,41474,0
0,41477,0
0,16068,0
0,15289,0
0,56295,0
18000000,13809,25739015
0,34100,0
0,11887,0
0,41073,0
0,83683,0
0,59403,0
0,69299,0
0,13253,0
0,114796,0
0,17800,0
0,30977,0
150000000,10527,603900354
2000000,13506,38135878
0,53772,0
25000000,8338,19844979
55000000,3580,113020255
0,36073,0
32000000,20766,27635305
15000000,12405,377910544
200000000,10764,586090727
0,18548,0
0,4701,0
28000000,15373,92380927
0,120828,0
0,173634,0
0,8938,0
0,16061,0
0,73059,0
0,16166,0
6500000,2588,0
6000000,13672,276891
0,47184,0
0,158959,0
0,44283,0
0,42884,0
0,215471,0
0,13516,0
0,14943,0
0,19147,0
0,96395,0
0,52561,0
0,42664,0
8000000,4627,0
0,43052,0
0,21501,0
0,16882,0
0,127257,0
0,49355,0
0,13655,0
0,13905,0
10800000,11917,113857533
0,8892,7356393
0,12525,0
0,82519,0
19000000,13523,18755936
0,14655,0
6000000,15749,391410
0,22358,0
20000000,14405,149281606
0,43985,0
4000000,20065,0
0,14089,0
0,208385,0
0,84050,0
0,9999,0
0,17099,0
0,58570,0
0,29452,0
0,125749,0
0,111759,0
0,8905,0
0,3520,0
0,43372,0
0,88435,0
0,77650,0
0,17704,87600000
0,36571,0
0,36572,0
0,37327,0
750000,28684,0
0,8841,28814580
0,54615,0
0,13220,124191
0,16509,0
0,34867,0
0,10565,0
130000000,6972,49554002
150000000,13053,309979994
0,32862,0
20000000,10139,54586584
0,29320,0
37000000,8966,392616625
0,16342,0
30000000,13387,108979549
80000000,12193,163733697
12500000,14574,20416563
3500000,10900,1115493
0,56256,0
500000,14438,33456317
25000000,14248,30000000
0,20919,0
0,12224,0
0,10360,2724474
12000000,14299,0
20500000,13056,10089373
0,15026,0
0,13793,1107542
0,35790,0
0,38831,0
0,45838,0
60000000,13394,0
0,2574,0
0,72495,0
0,34283,0
0,114390,0
0,85844,0
0,14447,0
0,17157,0
0,1964,0
0,44626,0
0,65502,0
0,17912,0
0,43962,0
0,28148,0
0,93260,0
0,109539,0
0,116973,0
0,74485,0
0,174122,0
0,200311,0
80000000,10200,233093859
30000000,8881,0
40000000,8880,0
9000000,11127,0
0,18117,0
0,109711,0
0,18926,0
0,86782,0
0,25852,0
0,39407,0
0,39409,0
0,37584,0
20000000,14359,50907234
8500000,19486,0
0,126754,0
33000000,13223,269958228
0,11499,0
32000000,8055,113019290
0,3054,2400000
0,14072,0
40000000,20542,0
0,12449,0
0,5816,0
0,13980,0
0,8276,0
0,61751,0
55000000,11321,168167691
0,52615,0
0,41966,0
0,89453,0
0,120862,0
0,42655,0
6000000,12163,44703995
0,14772,0
0,27991,0
0,87894,0
0,9050,0
0,86082,0
0,79090,0
0,47499,0
0,60488,0
0,111302,0
0,112912,0
0,80616,0
0,2694,0
0,39558,0
0,36573,0
150000000,4922,333932083
0,159849,0
70000000,10201,225990978
0,75686,0
0,297983,0
75000000,2253,200276000
0,14422,0
0,40873,0
5000000,38142,0
1000000,34812,0
0,16268,0
0,15033,0
2000000,14806,0
0,51817,0
0,84397,0
0,59158,0
0,105371,0
1500000,6936,0
0,13954,0
0,13406,0
0,14357,0
0,185156,0
80000000,10202,212874442
0,28564,0
0,23604,0
3000000,13973,3830137
35000000,4148,75225693
4250000,194113,0
0,51247,0
4185000,17845,0
6000000,13827,69497
0,362026,0
4000000,15676,333912
0,15584,0
20000000,13971,21972336
0,89573,0
32000000,13813,51155219
0,13180,0
0,42366,0
60000000,14306,244082376
0,8049,0
0,20028,0
0,141971,0
0,31047,0
0,8927,0
41677699,12429,187479518
0,53519,0
0,53518,0
0,70191,0
0,51808,0
0,18151,0
0,28256,0
0,16205,0
0,15331,0
0,17287,0
0,50988,0
0,113916,0
0,29741,0
0,29262,0
0,9795,0
0,87790,0
0,26758,0
0,25528,0
200000,8942,0
0,13690,0
0,16409,14879423
0,113921,0
11715578,14756,21888598
0,27244,0
0,35945,0
0,54406,0
17000000,10596,0
0,60547,0
0,368955,0
0,49256,0
0,86084,0
25000000,13944,2000000
60000000,10199,50877145
30000000,10521,114663461
0,26235,0
0,13635,31055440
15000000,14435,100734718
0,21966,0
0,52886,0
0,37373,0
0,170094,0
0,260528,0
8000000,13177,908847
0,34696,0
0,221861,0
0,114403,0
2600000,14139,553198
3000000,16999,0
0,8280,0
0,125705,0
0,36746,0
0,36402,0
0,317,0
35000000,12437,91353501
60000000,2309,57490374
0,86363,0
0,60542,0
0,162865,0
0,47658,0
0,31688,0
0,14076,0
0,13942,0
0,18543,0
0,21029,0
0,50307,0
0,49511,0
0,27440,0
9750000,13825,558000
0,250093,0
0,15227,0
26000000,14560,183293131
0,14410,43051547
16000000,13788,76514050
0,13429,0
0,6733,0
0,14871,0
0,35077,0
0,14353,188126
0,27447,0
0,14254,41624046
0,16137,0
0,17803,0
0,101838,0
0,214436,0
0,14549,0
0,80193,0
112,169869,0
0,56816,0
0,38205,0
0,168261,0
50000000,10529,7033683
0,75880,0
0,160783,0
0,58782,0
0,62753,0
0,417285,0
0,14582,0
22500,46595,0
4000000,50318,907456
0,253116,0
0,94533,0
0,44052,0
0,63938,0
5000000,1977,38610009
0,46725,0
0,13510,3983997
0,15554,0
60000000,14836,124596398
0,48350,0
0,97915,0
0,15003,0
0,141971,0
0,24194,0
0,14851,0
38000000,13455,45465299
50000000,4959,60161391
12000000,10362,3148182
40000000,10184,177259441
0,16170,0
0,14849,0
0,36764,0
0,111459,0
0,37309,0
0,131729,0
1000000,52105,0
0,60539,0
0,28196,0
0,1560,0
0,85394,0
0,15060,0
0,26900,0
35000000,15189,73034460
0,133328,0
3000000,13492,0
0,70089,0
0,4832,0
0,135938,0
0,7353,0
0,14711,0
0,52512,0
0,98193,0
1000000,49600,0
0,24171,0
0,47980,0
400000,5677,0
0,44618,0
0,16804,69932387
0,25405,0
0,73953,0
1500000,1961,173066
0,15148,0
700000,54838,0
0,15945,0
0,171840,0
0,68190,0
0,14204,0
75000000,20829,61458982
0,30508,0
9000000,15039,0
0,13639,0
0,47561,0
24000000,18884,0
0,26036,0
0,434306,0
0,14977,0
0,157909,0
0,21851,0
0,15105,0
10000000,17314,0
12000000,24351,0
0,94405,0
0,110761,0
0,38087,0
0,16177,0
0,29363,0
0,79331,0
0,36499,0
50000000,15268,12764201
12000000,17317,0
0,434,0
0,15670,90508336
0,206034,0
17000000,19255,14899417
0,43034,0
0,29117,0
25000000,14979,0
0,18208,0
0,41054,0
0,37468,0
7275000,8832,11260366
0,50013,0
19000000,8279,23550000
4000000,14063,0
19000000,13207,91379051
10000000,15067,0
0,14853,0
0,15159,75871032
0,18529,0
30000000,7916,0
0,38789,0
350000,90324,0
0,67384,0
0,36281,0
0,42818,0
0,29717,0
0,43873,0
0,17158,0
1500000,24221,0
70000000,17077,0
3,47497,0
0,10049,0
0,9914,0
0,40227,0
18000000,20421,11657385
0,125858,0
0,111014,0
200000,14301,3
0,8382,0
0,13849,0
0,27061,0
0,43146,0
0,85330,0
0,53574,0
0,74286,0
0,30906,0
0,26939,0
9000000,26127,0
18000000,13613,0
41000000,16538,91636986
0,19998,0
0,5334,0
0,26387,0
0,7517,0
0,34474,0
0,13094,0
0,18781,77527732
0,27757,0
78146652,16558,60000000
50000000,13811,155446362
0,17003,0
0,80314,0
0,161006,82
8500000,16353,8936663
13000000,15472,104345682
0,52528,0
5000000,13090,16174377
0,15854,0
0,53651,0
0,58076,0
0,143240,0
0,73856,0
15000000,14180,0
0,36836,0
0,17166,0
0,47739,0
0,16325,500154
0,113321,0
825000,17097,0
0,46799,0
0,19950,0
175000000,15512,381509870
0,14735,0
1600000,24220,0
0,21946,0
0,20529,0
0,30155,0
0,39914,0
0,42914,0
0,36392,0
0,62437,0
27000000,6968,0
0,13161,0
0,16197,0
0,53828,0
0,34015,0
0,13808,0
11500000,14637,186702
0,15912,0
0,18096,0
0,18094,0
0,33811,0
280,53863,831
0,16991,24007324
0,99283,0
0,94854,0
0,43396,0
9500000,16614,17164377
0,31273,0
0,18558,0
0,16071,0
40000000,20048,108332743
0,8747,0
0,16258,0
0,15451,0
0,330711,0
0,82962,0
0,22705,0
0,16005,0
0,55748,0
0,39331,0
0,284117,0
400000,55500,0
100000000,14164,0
0,3632,0
0,9841,0
0,91099,0
0,97421,0
0,43250,0
0,142973,0
0,55773,0
7000000,1940,0
0,33726,0
0,61070,0
0,93562,0
0,13557,0
810000,10041,0
0,31132,0
85000000,13804,363164265
0,34796,0
0,35849,0
0,35022,0
0,45965,0
0,19976,0
0,1387,0
0,21376,20200000
0,16867,0
0,19833,6149791
0,16919,0
0,15580,0
0,15801,44872
0,8902,0
0,19618,0
0,83099,0
0,27644,0
50000000,18947,36348784
0,128857,0
0,46096,0
0,67857,0
20000000,16996,136267476
0,168538,0
0,8833,0
70000000,16869,319131050
60000000,16995,87784194
0,99224,0
0,94139,0
0,10000,0
0,44967,0
0,91603,0
0,84908,0
0,45882,0
10000000,21641,0
0,13119,0
20000000,15092,34560577
0,51472,0
0,51263,0
0,24365,0
0,38872,0
0,95977,0
5000000,17431,9760104
0,38870,0
0,67849,0
0,112582,0
0,205410,0
364000,13123,0
10000000,33974,0
0,45949,0
35000000,18320,27409889
0,49571,0
0,53204,0
18000000,17436,382174
0,30843,0
150000000,2080,373062864
1700000,17680,1007962
0,36175,0
0,53624,0
0,120528,0
0,17073,0
0,21191,5101756
0,270952,0
150000000,13475,385680446
15000000,24273,0
0,38464,0
1500000,22152,0
0,16279,900689
0,72891,2209023
0,6461,0
0,23391,0
0,11160,0
21000000,168643,0
0,19350,0
80000000,15384,121059225
0,156908,0
0,48116,0
0,15342,0
0,25004,0
0,17124,0
0,210487,0
0,64115,0
4000000,17532,4100000
15000000,10946,109000000
0,23590,0
0,30416,0
0,65503,0
0,38869,0
0,17027,0
25000000,15577,1037335
150000000,13448,356613439
0,288035,0
0,92312,0
0,80592,0
0,90120,0
0,17635,0
0,42738,0
0,14141,0
0,30312,0
0,47906,0
0,111752,0
0,122160,0
0,17740,0
0,42943,0
0,13532,948753
0,18495,6132924
0,180162,0
0,25218,0
0,24053,0
0,53947,0
10000000,15705,0
0,14448,0
0,21583,2434658
200000000,534,371353001
150000000,18360,413106170
0,38008,0
0,2049,0
0,19375,119563
0,23997,0
0,18238,0
20000000,21755,5530764
0,43378,0
0,121707,0
0,30239,0
0,101362,0
0,8211,0
0,8429,0
0,44012,0
0,10541,0
0,19955,0
0,90799,0
0,39194,0
0,36460,0
0,27502,0
0,15555,0
0,40022,0
0,86764,0
0,42062,0
0,14126,0
60000000,17332,31720158
15000000,18405,32721635
0,155426,0
0,21832,0
30000000,16871,90810892
175000000,14160,735099082
0,21967,0
0,14003,0
0,16899,0
0,21724,0
0,8282,0
0,31404,0
0,42513,0
0,83868,0
0,4934,0
31165200,15588,0
0,61109,0
0,129089,0
0,14857,0
20000000,17927,18599102
0,77822,0
15000000,14330,0
0,26508,0
6300000,28677,0
0,19203,0
0,15712,0
0,13975,0
35000000,18785,459270619
0,16164,2960993
11000000,17609,791867
0,33104,0
0,37924,0
0,43321,0
0,18869,0
0,17829,0
5750000,16345,10000000
0,81512,0
0,115306,0
0,200796,0
0,27134,0
0,37024,0
0,53622,0
0,761,0
0,11914,0
0,64968,0
0,34300,0
0,58018,0
42,70806,0
0,45560,0
0,26506,0
1000000,13856,7202
8000000,14536,29010817
0,13710,0
2500000,15084,0
800000,14451,1984662
100000000,18162,68688831
0,34482,0
0,16324,0
0,50600,0
0,18468,0
55000000,19724,0
100000000,18487,150166126
0,27799,0
6500000,8883,0
0,49767,0
0,29314,0
1066480,40465,0
0,10272,0
0,23924,0
0,18061,0
0,21179,0
0,42341,0
0,18760,0
0,11693,0
0,40509,278720
0,15073,0
0,31544,4654288
0,84119,0
0,33409,0
40000000,18240,317375031
100000,51260,0
1000000,28110,2000000
0,89484,0
0,48288,0
60000000,17610,62357900
0,8933,0
0,156917,0
0,37911,0
0,38773,0
0,8269,0
1000000,45779,0
1500000,27085,0
0,8940,0
0,133,0
0,20152,0
0,14938,0
0,19508,0
0,66770,0
15000000,12162,42000000
0,4498,0
0,176810,0
0,170477,0
0,75015,0
0,18507,0
0,16240,0
0,50030,0
0,81223,0
0,24772,0
0,67515,0
0,29082,0
0,8284,0
0,4250,0
0,32451,0
5000,62128,0
150000000,8373,836297228
0,62320,0
0,24734,3106559
500000,75317,0
0,8939,0
0,35404,0
750000,91205,0
9000000,53906,0
0,19079,0
15000000,19265,35097815
0,12556,102223269
0,43638,0
0,4990,0
0,43192,0
80000000,11322,214104620
90000000,8355,886686817
0,10821,0
0,176241,0
0,47075,0
0,41385,0
0,25728,0
0,20301,0
0,24232,0
0,242737,0
0,50201,0
0,52109,0
0,251657,0
3000000,24927,1449945
0,183871,0
150000,156063,0
30000000,10024,95714875
16000000,10788,0
5000000,15423,25900
0,33321,0
500000,69426,500000
0,16226,0
0,42659,0
0,16440,0
0,37021,0
0,62186,0
0,22612,0
7500000,19913,60722734
0,47104,0
0,17359,0
0,47920,0
0,82474,0
0,45184,0
42000000,18480,0
0,64831,0
0,266814,0
0,4931,0
0,301233,0
0,18901,0
0,14728,0
36500000,16911,21834845
0,70648,0
12000000,8884,0
0,38940,0
0,19105,0
0,14758,0
250000000,767,933959197
0,59847,0
0,60623,0
8000000,14687,0
0,351862,0
0,10353,0
0,49360,0
0,245367,0
1200000,9592,0
0,68572,0
0,84278,0
0,43195,0
0,23964,0
0,14531,0
0,76465,0
0,51302,0
0,76452,0
0,14197,0
66000,20174,250000
0,48773,0
0,60008,0
30000000,8054,64352607
0,19929,0
0,123777,0
0,18696,0
0,3478,0
0,30713,0
0,54759,0
0,30121,0
0,64901,0
0,23720,0
0,14843,0
0,8937,0
0,9974,0
0,22302,0
0,20382,0
0,53868,0
0,69342,0
0,83078,0
0,37516,0
0,19727,0
0,56150,0
23000000,22215,9366227
0,18635,0
0,4983,0
0,53830,0
0,38971,0
0,49691,0
0,39415,0
0,20407,0
0,22408,0
0,23286,0
0,69166,0
0,97995,0
0,67967,0
20000000,21208,41596251
0,131351,0
0,16056,0
0,53781,0
38000000,20943,205298907
0,67463,0
0,82311,0
0,204996,0
0,47870,1192322
0,104083,0
3400000,21407,114000000
14000000,12403,22852638
0,62547,0
0,15422,0
0,14833,0
0,41183,18928
0,44578,0
45000000,20856,57881056
30000000,17654,210819611
40000000,24803,129540499
0,38879,0
20000000,17335,73830340
50000000,13836,106303988
0,20071,2012927
0,13730,0
0,15438,0
35000000,18126,155545279
175000000,14869,302469017
0,14415,0
0,30250,0
0,121895,0
20000000,17134,17280326
250000,50719,154323
0,105703,0
0,176650,0
0,17199,0
0,20153,0
0,20777,0
0,54982,0
0,92989,0
0,45999,0
0,18908,5405313
0,31067,0
0,39286,0
8,13752,0
0,22600,0
0,99657,0
0,40797,0
0,40743,0
160000,17285,0
0,12407,0
0,97252,0
0,18440,0
0,22602,0
0,40799,0
0,40071,0
0,19422,0
0,31670,0
0,38107,0
0,15137,223839
0,37047,0
0,66949,0
0,77285,0
0,64728,0
0,11115,0
0,22795,0
7500000,21878,0
0,18585,0
10000000,19905,0
0,22051,2277396
0,25902,0
0,16634,0
0,58421,0
0,56264,0
0,31913,0
0,14940,165888
39000000,24420,101229792
2000000,13797,0
0,12605,0
0,128856,0
0,145066,0
0,31216,0
0,19556,0
20000000,23367,5210988
0,49982,0
0,45852,268431
0,24999,0
0,16710,41939392
18000000,19840,15345201
0,25047,0
0,33199,0
0,22025,0
0,99599,0
1000000,25183,1296971
0,19170,0
0,14745,0
150000000,19585,292817841
40000000,41682,8251071
0,17336,32474120
15000000,11928,113221
0,98289,0
0,99600,0
0,18281,0
4700000,8895,0
230000,18533,2260712
0,30319,0
0,18820,0
0,85097,0
0,164741,0
0,12839,0
0,15775,0
0,44655,0
0,43384,0
0,46351,0
0,38662,0
12000000,18032,7070330
0,677,0
0,685,0
0,92011,0
2075374,154430,0
3000000,49835,0
0,18759,0
0,106028,0
0,87683,0
0,42638,0
0,18568,0
0,33314,0
0,21657,0
0,8899,0
0,20778,0
0,22492,1896244
0,17153,0
0,21236,0
0,35059,0
0,43878,0
0,29967,0
0,68692,0
3000000,15641,0
0,21955,17883410
0,43303,0
15000000,25704,6405245
0,21371,0
0,23115,0
0,41427,0
0,184781,0
0,36108,0
17000000,23049,20455276
0,26914,0
0,121655,0
0,15457,850575
0,758,0
0,43734,0
0,41496,0
0,12410,0
0,45458,0
0,64544,0
0,26320,0
0,41127,0
0,35203,0
0,34869,121129
15000000,24150,39421467
0,65990,0
855000,60216,1200000
0,21336,0
0,35044,0
0,2861,0
700000,23451,1179676
2000000,25376,33965843
0,59314,0
30000000,12244,48428063
0,58450,0
0,5060,0
8000000,15809,0
0,29914,0
0,52710,0
0,140887,0
760000,40979,0
0,22494,0
15238800,37903,0
0,227370,0
0,17899,0
0,18120,0
0,106006,0
3500000,17445,0
0,63581,0
0,23736,0
33000000,19898,20645327
0,20171,0
0,21700,0
0,57412,0
0,72083,0
0,17046,0
0,6309,0
24000000,10313,68729358
0,20715,0
5000,17632,0
0,31936,0
0,40954,0
0,8071,0
0,43255,0
0,42225,0
0,689,0
0,22774,0
0,53430,0
0,32317,0
0,47576,0
0,2979,0
0,17618,0
16000000,19994,31556061
22000000,11323,35424826
0,117531,0
0,42762,0
6700000,3511,0
0,37317,0
0,25900,0
0,29134,0
8000000,12569,10848783
40000000,19912,186167139
50000000,18501,40828540
100000000,22794,242988466
0,279606,0
0,26367,0
0,43757,0
0,23253,0
0,114618,0
0,18570,0
0,36703,0
0,46768,0
88000,18724,480000
5000000,22536,0
4000000,16873,6101046
0,22326,0
18000000,25643,36133014
8500000,29963,4440055
0,30685,0
0,25549,0
0,63615,0
0,26009,0
0,26500,0
0,35113,0
0,40225,0
4000000,17455,0
5000000,12699,0
0,25532,0
15000,23827,193355800
0,14579,0
0,185591,0
0,28299,0
0,16194,0
0,62396,0
0,18974,0
0,64450,0
0,44208,0
0,19136,0
0,25112,0
0,28051,0
10000000,20178,295750
0,67612,0
0,25050,0
0,43360,0
0,41053,0
0,54563,0
0,76636,0
20000000,22074,17436509
0,91262,0
0,38670,0
75,22717,134
0,23128,1162422
7000000,12573,31430334
6000000,28053,6670712
250000,24869,0
0,90056,0
0,126597,0
0,24561,0
5060730,36800,0
0,14476,0
0,104275,0
5000000,21398,0
0,23127,0
0,39506,0
12000000,23202,0
0,24001,0
15000000,22798,16633035
18500000,23082,31912793
0,62635,302000
0,61524,0
80000000,19959,122444772
0,18065,0
23600000,19908,102391382
0,28665,0
0,23044,0
0,54191,0
11500000,18176,69564
0,23532,0
0,46068,0
0,33474,0
12500000,26688,27206120
40000000,22787,12206028
0,4786,0
7500000,24684,26096852
0,77246,0
450,63795,0
0,63978,0
0,11156,0
0,74469,0
0,44054,0
0,26763,0
0,99189,0
970000,18710,2000000
736,33476,0
70000000,19899,171844840
15000000,23706,40105542
0,142084,0
0,39488,0
0,106254,0
2300000,11807,4600000
0,17622,0
0,60773,0
0,885,0
0,126136,0
0,23966,0
0,188858,0
0,48214,0
0,44685,0
0,92990,0
0,43902,0
0,43850,0
0,33857,0
0,33380,0
0,70569,0
0,21910,0
0,4734,138000
0,42678,0
0,44334,0
0,42537,0
100000000,16523,100086793
0,46931,0
3000,1686,0
0,67062,0
0,59239,0
0,85927,0
0,63107,0
0,29124,0
0,44630,0
0,53423,0
0,37340,0
0,38702,0
0,43990,1247946
3000000,18214,0
20000000,3513,0
0,19837,0
40000000,25132,28972508
14700000,12572,8049666
53000000,22803,126690726
0,32563,0
0,52941,0
0,180576,0
0,33806,0
0,50936,0
40000000,8915,19258519
0,19904,0
0,120518,0
590235,24238,1725381
0,19918,12032983
8000000,24056,0
0,23512,0
0,31189,0
0,54154,0
0,85763,0
0,37637,0
0,94663,0
0,69912,0
0,51619,0
0,21058,0
0,30506,0
0,97029,0
0,71041,0
0,98914,0
0,54419,0
0,89681,0
0,42788,0
0,8926,0
0,16398,0
1000000,24392,0
0,2973,0
0,32928,0
25000000,22947,163670000
0,141640,0
0,168607,0
0,13558,0
0,105419,0
0,47430,0
0,34631,0
130,234937,0
0,19035,0
0,56619,0
0,26191,0
0,23173,0
0,53985,0
0,49167,0
0,39306,0
0,71171,0
0,84089,0
0,31021,0
0,173171,0
0,48329,0
0,44338,0
0,36577,0
0,22447,0
0,43893,0
0,65403,0
11000000,22804,68233629
60000000,13576,0
0,28422,0
0,108021,0
0,94653,0
0,1697,0
0,36949,0
0,38680,0
40000000,24418,28169671
8000000,22821,10629321
0,22800,0
2900000,24804,296557
250000,29150,232732
8,14968,33579813
25000,38065,0
65000000,16577,44091067
762,61647,0
0,37767,0
10000000,22820,0
40000000,10315,46471023
0,30431,0
0,197552,0
0,38984,5753490
6000000,36278,5093707
28000000,54648,3983912
0,32834,0
0,14834,0
10000000,53263,0
0,51317,0
0,70555,0
0,63401,0
0,84273,0
0,82040,0
0,85715,0
0,836,0
200000000,17979,325233863
0,43370,0
0,113520,0
0,94638,0
0,84656,0
0,105077,0
0,95600,0
0,84772,0
0,106537,0
0,53767,0
0,18930,0
0,4475,0
0,24565,0
0,108200,0
0,77121,0
0,52048,0
0,75804,0
0,24480,0
0,37060,0
0,176273,0
12000000,19851,0
9000000,24293,16000000
200000000,14161,769653595
30000000,22825,33333531
18000000,8088,0
450,70805,288
0,21581,0
10000000,22824,42333295
10000000,25793,47536959
0,23189,0
25000000,11699,10589102
50000000,18239,709827462
0,17774,0
6500000,28089,1521261
0,14859,0
0,7860,0
40000000,22832,60462347
1089360,32511,48298
0,14172,0
0,19167,0
0,121088,0
4200000,73501,0
0,2261,0
0,9924,0
0,30231,0
5700000,33273,19300483
0,33035,0
0,55628,0
0,112687,0
10000000,20411,0
0,71329,0
0,32543,0
0,54966,0
0,91426,0
25000000,6058,0
7000000,31002,0
0,34003,0
0,25472,0
26000000,7445,43318349
0,23269,0
0,411456,0
0,47466,0
0,109175,0
0,153118,0
0,18595,0
0,53516,0
0,27258,0
2500000,20764,107559
0,25467,0
0,161094,0
0,267523,0
29000000,22881,309208309
0,93743,0
0,97035,0
0,88276,0
0,94466,0
0,99875,0
0,126863,0
0,58435,0
0,1284,0
22000000,19116,0
0,25716,0
0,36106,0
0,90041,0
0,104776,0
0,8353,0
0,15400,0
5100000,22640,0
35000000,22949,92219310
20000000,36272,0
70000000,16866,104945765
25000000,12404,2336172
0,23951,0
0,30238,0
2000000,29406,0
7000000,34653,0
10000000,14452,0
10000000,18472,0
3600000,51284,766075
65000000,7980,93525586
60000000,22954,122233971
0,2143,0
105000000,10198,267045765
21000000,26171,0
0,32634,0
20000000,4597,22942221
0,37190,263941
12000000,31909,4884663
0,62131,0
0,20606,0
0,139212,0
0,57654,0
2,18175,0
0,88067,0
0,30526,0
0,347,0
0,35867,0
0,64414,0
0,83491,0
0,56800,0
0,38759,0
0,28392,0
0,92432,0
0,45987,0
0,55261,0
0,27719,0
0,42836,0
0,101382,0
300,47122,0
0,89785,0
0,129417,0
0,53161,0
0,47046,0
0,82404,0
0,128846,0
0,63764,0
0,148597,0
0,46886,0
0,129303,0
58000000,24438,85280250
0,174598,0
0,60639,0
0,125512,0
0,14704,0
0,100122,0
0,48496,0
0,33052,0
0,140281,0
0,26032,0
0,29697,0
0,16576,0
0,272772,0
170000,19197,0
15000,23947,5300
9000000,25968,0
0,61872,0
0,32615,0
237000000,19995,2787965087
80000000,10197,53825515
0,9650,0
0,64481,0
0,10268,0
85000000,22897,219103655
90000000,10528,524028679
7000000,25196,39462438
0,13988,0
0,36811,0
0,40054,0
75000000,23398,443140005
0,28520,0
4700000,15772,31000000
0,132397,0
0,38908,0
0,42206,0
0,26533,0
25000000,25137,4388563
0,22043,0
0,18898,0
0,26123,0
4000000,40494,14400000
0,27172,0
0,17591,0
0,49687,0
0,51831,0
0,44808,0
320000,121379,0
0,41886,0
0,24050,0
0,94803,0
0,156015,0
0,94727,0
0,132392,0
0,114790,0
0,36293,0
0,26129,0
0,110733,0
0,96107,0
0,89647,0
90000,27390,0
2000000,122163,0
0,352237,0
0,25769,5802422
0,14159,3800000
0,25680,0
0,36117,0
0,43876,0
0,63215,0
0,124994,0
0,54051,0
0,80960,0
0,97032,0
0,148536,0
0,64736,0
1500000,23963,32000
0,35148,0
0,26465,0
0,51422,0
3000000,60489,0
0,16204,0
0,23404,0
6000000,20236,0
1400000,148077,435000
0,42564,0
0,65572,0
0,25190,0
18000000,22327,0
20000000,19901,51416464
0,28644,0
0,24458,0
2000000,13723,0
0,15791,0
16000000,28178,47801389
0,291554,0
0,149851,0
0,14773,0
0,147683,0
19000000,25195,29922472
80000000,20504,157107755
4000000,33613,43498108
0,57251,0
0,85126,0
0,123772,0
0,4286,0
13000000,21575,0
0,104320,0
0,4932,0
0,39023,0
0,187401,0
0,25927,0
8,14173,0
0,28227,0
0,31875,0
0,44085,0
15000,58589,0
0,26820,2479538
0,119905,0
20000000,24271,0
5000000,52273,0
5000000,95140,0
0,179066,0
0,37222,0
0,55197,0
0,87065,0
0,20551,0
0,28280,0
0,26125,0
0,26765,0
0,5707,0
0,323111,0
0,26961,0
0,126925,0
0,1450,0
0,101006,0
0,52429,0
0,81895,0
0,148435,0
0,46335,0
20000000,18476,1017401
5000000,15774,0
2000000,20107,0
0,12161,0
0,164421,0
0,101342,0
0,41970,0
0,89800,0
0,21521,0
0,44027,0
0,143098,0
5000000,31175,17872796
0,22274,0
0,4579,0
0,32097,0
0,83430,0
0,13634,0
0,144089,0
425000,40229,10604986
15000000,10800,0
0,277622,0
0,25676,0
0,44941,0
0,25205,0
0,17602,0
0,14981,0
0,45699,0
15000000,17606,1143856
0,25594,0
10000000,25602,0
2000000,40660,0
0,101376,0
0,49956,0
0,43844,0
0,15930,0
0,65642,0
0,86303,0
0,63771,0
0,52229,0
97250400,2395,132900000
0,13855,0
0,21153,0
0,83994,0
0,5761,0
0,57978,0
0,23999,0
0,42720,0
0,17911,0
0,32559,0
0,253476,0
0,69061,0
0,13382,0
2000000,13358,0
0,33511,0
0,27182,0
0,29110,0
0,23410,0
0,266740,0
3700000,22164,0
0,15255,0
0,71885,0
9000000,20453,70000000
0,108573,0
0,16095,0
0,4253,0
0,43346,0
0,40083,0
0,61864,0
0,59390,0
26000000,22894,67918658
0,15807,0
0,85507,0
0,72241,0
0,22404,0
0,27567,0
0,147692,0
0,41787,0
0,106482,0
0,26752,0
0,48609,6029824
0,251281,0
0,160266,0
1500000,21033,56000
108,23988,0
0,186129,0
0,51120,0
0,21453,0
210,5153,0
0,17836,0
0,51429,0
0,32130,0
0,126083,0
0,13522,0
0,47370,0
0,31156,0
0,84104,0
250000,46336,245000
31000000,27569,15134293
2225000,62775,0
0,120109,0
18000000,8349,40239
0,75877,0
0,43891,0
0,33295,887029
0,29501,0
0,16453,0
0,13477,36699403
80000000,12201,74901339
0,47554,0
0,33395,0
0,2974,0
0,14016,0
0,94706,0
12000000,26466,0
0,49807,0
0,99749,796368
0,79509,0
0,46623,0
0,52863,0
0,92283,0
0,42137,0
13000000,8952,10652035
0,40724,0
0,33159,0
0,26137,0
0,71825,1102469
0,103201,0
0,98246,76
0,33630,0
0,51675,0
0,281287,0
0,33602,0
0,12169,0
0,252407,0
0,43333,0
0,42212,0
0,33728,0
0,27989,0
0,25983,0
235000,42683,0
0,271677,0
0,46423,0
3000000,24469,2357852
0,11518,0
0,7344,0
0,4887,0
10000,51022,150000
0,31578,0
0,18670,0
0,25293,0
0,59013,0
52000000,32856,216485654
150000000,7978,0
0,60086,0
80000000,11324,294804195
0,90052,0
0,81382,0
2700000,8898,0
0,183946,0
14000000,17334,0
0,26715,199436
0,19311,0
12000000,38448,1644755
0,45988,0
0,20047,0
0,55522,0
0,81399,0
0,13949,0
0,24253,66995253
3000,15324,0
95000000,32657,226497209
30000000,23742,55583804
0,36457,0
3500000,27561,0
45000000,11439,60222298
0,42586,0
0,26963,0
0,32868,0
0,30298,0
28000000,23172,45236543
7000000,30128,1429299
0,29381,0
0,42295,0
0,41894,0
0,67736,0
0,25950,0
0,32124,18088
70000000,26428,39041505
0,56931,0
14000000,12273,25000000
0,22805,0
0,79519,0
15000000,20083,0
0,29388,0
15000000,15357,8786375
0,20406,0
0,22166,0
0,408956,0
0,18489,0
0,120280,0
0,19962,0
20000000,29427,54956140
25000000,22971,114977104
0,45576,288
48000000,23023,112462508
0,29785,0
0,63195,0
0,20871,0
0,14235,0
200000,71370,0
5000000,25967,0
0,5595,0
0,32092,0
5600000,10664,18469680
10000000,28739,0
0,17473,0
0,200664,0
0,224642,0
0,117499,0
0,174748,0
12000000,26022,42345360
200000000,12155,1025491110
0,40623,0
100000000,22972,94882889
0,119819,0
0,29182,0
19000000,17277,4750000
0,24424,0
52000000,26389,52826594
0,61880,0
0,31515,0
0,20618,0
1000000,28925,0
0,23488,4706919
0,26771,0
0,43012,0
0,27583,6153967
0,6883,0
17000000,26390,29536299
20000000,34016,49779728
7300000,25941,10329747
0,34195,0
0,20471,0
0,18514,0
16000000,23169,56032889
0,18704,0
0,12718,0
0,15360,0
0,19969,0
0,85521,0
0,36233,0
5000000,16763,0
0,16350,0
7000000,15846,0
0,14765,0
0,44363,3065860
0,94182,0
0,34592,0
0,26430,0
0,59719,0
0,30903,0
7000000,26623,0
0,55412,0
0,48145,0
4000000,29426,0
0,217632,0
110125,195204,0
2000000,34335,0
0,16239,0
0,80196,0
2500000,31299,0
14000000,34563,21409028
40000000,27573,136000000
5000000,32678,0
9000000,12834,985117
3000000,31723,18097
0,24225,101543
0,49508,0
40000,26558,0
2600000,15483,1479042
0,31678,0
0,45921,0
0,33788,0
0,5753,0
0,43495,0
0,32688,0
5000000,24973,15000000
0,42342,0
0,168171,0
0,80595,0
0,66953,0
0,16436,927704
32000000,31867,18409891
0,42451,0
0,43138,0
0,4933,0
0,264241,0
27000000,28355,29000000
0,64104,0
0,194931,0
0,20027,8250000
0,36970,19406406
0,19616,0
0,34423,0
0,69872,0
0,20216,0
36000000,23048,64572262
15000000,28211,8459458
3000000,30779,0
0,89199,0
796442,19152,0
373000,38687,658000
5000000,30018,17112713
165000000,10191,494878759
0,22582,0
0,37181,0
0,45035,0
0,15544,0
0,24874,0
0,51330,0
14000000,28510,875386
0,11763,0
0,33421,0
0,48336,0
0,21467,0
0,24499,0
0,20825,0
0,16190,0
0,109572,0
0,52637,0
0,25053,0
0,104607,0
0,10469,0
0,11122,0
33000000,27936,14000000
125000000,18823,232713139
0,196328,0
0,213845,0
0,15382,0
300000,31196,0
0,18352,0
3500000,34769,44462
0,39830,0
0,132744,0
0,161179,0
6000000,35939,0
28000000,23483,96188903
0,16686,0
0,15973,0
0,4252,0
0,16759,0
0,43008,0
0,184741,0
0,57124,0
0,93519,0
55000000,35056,152263880
2000000,47090,0
0,13417,0
0,39931,0
0,24429,0
4500000,36419,3606395
6000000,22419,0
0,43327,0
0,76568,0
0,40855,0
0,22488,0
0,49131,0
0,35207,0
0,42669,0
3000000,18273,0
0,37223,0
0,53522,0
0,39459,0
0,35689,0
0,166375,0
0,34784,0
580000,52903,0
0,8980,0
15000000,11801,0
0,25572,0
0,34583,0
0,11761,0
0,22943,0
10000000,27586,2995811
0,15323,0
0,1568,0
0,48688,0
0,33226,0
0,96010,0
0,27179,0
0,11303,0
0,18426,0
16000000,19939,0
0,36916,0
0,145902,0
0,79924,0
0,116983,0
0,17988,0
5500000,26178,801000
0,19587,0
0,68987,0
0,36124,0
0,20781,0
4,22649,25
0,31561,0
2500000,1912,0
0,35002,0
0,47813,80
0,14766,0
0,36731,0
0,141714,0
0,19401,0
0,31869,0
0,26186,0
0,55236,0
21000000,34803,49050886
5641880,37861,30638
0,47808,0
15000000,33217,75700498
0,29989,0
0,90634,0
0,26380,0
0,43326,0
0,44747,0
0,102419,0
0,228444,0
200000,36443,0
0,4461,0
0,41110,0
0,31687,0
0,20497,0
0,12411,0
0,86097,0
0,25832,0
0,25338,0
0,20478,0
0,17960,0
0,33427,0
4000000,23568,0
0,38810,110197
0,12408,0
12000000,21345,10652498
425000,40168,0
0,44132,0
0,37857,6297
0,33784,0
0,45663,0
0,129689,0
0,178736,0
0,35656,0
0,30427,0
0,12166,0
0,33501,0
0,36325,0
0,43381,0
25000000,34813,23580000
0,33215,0
0,21036,0
0,35690,0
0,18406,0
7000000,39053,0
2011799,37169,0
0,24805,0
0,43517,0
0,176651,0
0,121036,0
0,42476,0
0,111310,0
0,39452,4790751
0,94917,0
0,107643,0
0,64651,0
0,40594,0
0,23104,0
0,37605,0
0,91727,0
0,41597,0
0,62727,0
0,25385,0
0,64576,0
45000000,32985,7810000
0,44399,0
200000000,10138,623933331
0,32084,0
0,42191,0
0,190906,0
0,45615,0
50000000,38579,83761844
10000000,37931,6110000
7000000,27004,46488
0,10870,0
0,54117,2425000
0,4180,2052466
0,55135,0
0,15877,0
0,72272,0
0,1549,0
0,10171,0
0,38996,0
0,25699,0
0,18899,0
0,45380,0
0,48587,0
0,198600,0
0,36760,0
0,39767,0
0,17005,0
0,26694,0
0,126421,0
0,121351,0
0,37178,0
0,125271,0
3800000,5178,0
0,34069,0
35000000,23437,115664037
967686,37495,4270000
0,145217,0
0,42217,0
0,19173,0
980000,42910,0
10000000,43090,0
35000000,35169,39340177
0,41116,0
0,25659,0
1500000,37828,0
0,38726,0
0,36950,0
0,37565,0
800000,38542,867714
0,12219,0
0,76822,0
200000000,20662,310669540
0,31345,0
0,21245,0
0,60677,0
30000,52620,0
0,34626,0
0,47737,0
0,28575,0
0,52249,0
0,51442,0
0,89462,0
0,66022,0
0,38697,0
0,37511,0
0,21794,0
0,36432,0
0,35572,0
0,106813,0
0,20311,0
0,81589,0
0,8929,0
0,7346,0
0,28894,0
0,44513,0
0,23050,0
0,96287,0
4700000,23538,0
0,27181,0
0,5590,0
0,53503,0
0,40998,0
0,5850,0
10000000,18516,0
100000,31261,1000000
0,39056,0
2000000,24757,0
0,26587,0
0,36801,0
0,92501,0
3500000,46705,16566240
75000000,37821,98159963
0,261538,0
0,253232,0
3120375,173865,0
0,225503,0
0,29069,0
0,26962,0
0,37255,0
0,122188,0
0,51792,0
0,99236,0
0,174784,0
0,14257,0
0,5424,0
0,39453,0
1987650,26388,19152480
0,44878,0
0,116746,0
0,64811,0
0,39024,0
0,38307,0
0,134901,0
11000000,30527,0
150000000,9543,335154643
1500000,43317,0
3000000,40247,0
2300000,14518,0
0,26427,0
20000000,37034,0
0,35197,0
8800000,36686,0
0,115064,0
35000000,25846,0
0,73931,0
0,30913,0
0,198306,0
0,198307,0
0,62492,0
0,112882,0
100000000,37786,288347692
0,66775,0
0,44398,0
0,25551,0
0,22241,0
0,71756,0
0,58086,0
0,29151,0
40000000,32823,90029656
2200000,29923,0
15000000,38199,0
0,80844,0
0,42614,0
0,139383,0
0,43879,0
0,36736,0
0,132328,0
0,35217,0
35000000,34806,77477008
26000000,37707,0
0,39376,0
0,1785,0
0,10241,0
0,32720,0
0,51413,0
55000000,38318,0
0,42744,0
0,29272,0
0,13058,0
30000000,37056,0
0,34480,0
0,38570,0
0,35166,0
0,38846,0
0,73576,0
0,32830,0
0,52726,0
0,27735,0
0,54254,115605
0,29917,0
0,68429,0
0,47238,0
0,132928,0
500000,19713,0
0,50182,0
0,254738,0
0,42139,0
0,3589,0
0,25869,0
0,30695,0
0,94225,0
0,108224,0
0,88192,0
0,28434,0
9000000,28871,706000
0,35129,0
0,31041,0
0,12832,0
0,39246,0
0,33116,0
0,79372,0
0,42767,0
47000000,20533,10539000
110000000,34544,177238796
0,48003,0
0,19276,0
0,44006,0
200000000,10193,1066969703
0,41397,0
0,43882,0
0,99627,0
0,39641,0
0,35164,0
0,45974,0
0,198308,0
0,25868,0
2000000,39013,13831503
0,162880,0
0,63883,0
0,8652,0
13000000,18897,0
0,38027,0
0,52072,0
0,1787,0
0,32068,0
0,48636,0
0,21531,0
0,108017,0
0,45009,0
0,44999,0
6153120,41142,0
165000000,10192,752600867
0,24663,0
0,24797,0
0,61120,0
0,62414,0
0,149511,0
0,33809,0
0,38780,0
0,56809,0
0,37711,0
0,110901,0
0,211256,0
0,46341,0
13000000,37414,0
0,44680,0
0,108705,0
0,70804,0
0,51138,0
0,26916,0
0,16890,0
0,39545,0
0,53796,0
383000,42615,0
0,120529,0
0,34599,0
0,47282,0
0,16878,0
0,13989,0
0,44534,0
0,43780,0
0,31677,0
0,40819,0
0,68701,10068
0,43699,0
0,45371,0
0,109970,0
68000000,24021,698491347
15000000,36691,5024782
0,39334,0
0,41499,0
0,40215,0
0,69847,0
0,33913,0
13000000,34647,754249
11500000,18530,0
0,27865,0
0,52365,0
0,51054,0
0,32866,0
0,42891,0
150000000,10196,318502923
0,21042,0
0,37301,0
0,91487,0
0,29106,0
0,51865,0
0,37652,0
0,4676,0
0,28478,0
0,51617,0
3000000,3037,0
0,208478,0
0,61302,0
0,113012,0
0,108788,0
1,140172,0
0,59231,0
0,59088,0
22000000,15102,0
0,24963,0
0,36962,0
0,26932,0
0,40636,0
0,2363,0
0,423917,0
0,34991,0
0,34703,0
0,1896,0
0,39129,0
0,69544,0
0,43449,0
0,76180,0
0,16023,0
0,25903,0
0,153913,0
0,25630,0
15000,28036,0
0,51395,0
0,1789,0
0,74076,0
0,235199,0
40000000,34851,126248813
0,8471,0
0,45622,0
0,43514,0
0,87267,0
0,37659,0
0,166677,0
0,23097,0
0,44711,0
69000000,20352,543513985
0,150778,0
3100000,58781,0
2000000,142052,0
0,32921,0
0,24048,0
0,43853,0
0,43849,0
160000000,27205,825532764
80000000,38365,271430189
0,64861,0
150000000,27022,215283742
0,27843,0
0,80198,0
0,16304,0
117000000,37834,261930431
6000000,32395,0
1000000,26682,0
0,41252,0
0,25914,0
0,4556,0
0,18680,0
0,72356,0
0,41522,0
40000000,38575,357852395
3200000,39037,0
0,15714,0
15000000,22556,317000
0,49500,0
0,54857,0
0,110903,0
0,110899,0
3500000,39781,34705850
0,26350,0
0,100661,0
0,85674,0
0,73861,0
0,61222,0
0,40850,0
0,40662,6629178
0,59484,0
0,54198,0
0,91470,0
0,47508,0
110000000,27576,293329073
0,86431,0
0,30565,0
0,42918,178174
0,1920,0
0,53209,0
0,24487,0
0,39768,0
0,162862,0
0,134427,0
0,53232,0
0,37816,0
0,20996,0
0,18968,0
47000000,31011,3547209
0,96525,0
0,1863,0
0,26652,0
4500000,65212,3200000
0,35262,0
0,37098,0
0,26796,0
0,41163,0
0,85023,0
69000000,38778,86387857
0,40428,0
0,104343,0
0,104744,0
35000000,35019,93246388
0,17631,0
0,5899,0
0,18166,0
0,124096,0
0,86266,0
0,59881,0
0,17914,0
0,37766,0
0,48197,0
0,36274,0
0,26584,0
0,38022,0
0,32497,0
0,90908,0
0,45043,0
0,31262,0
0,21564,0
0,43605,0
0,20007,0
2500000,25335,0
0,41483,0
0,31203,0
0,54233,0
0,27297,0
3500000,39303,0
0,21900,0
12902809,37472,36000000
0,29168,0
0,108712,0
0,343283,0
0,63075,0
0,38843,0
0,39008,0
0,49609,0
44000000,37950,48190704
0,24122,0
100000000,27581,170432927
0,24508,0
0,41135,0
0,37570,0
0,52713,0
0,5465,0
0,61430,0
0,45322,0
0,20591,0
7300000,13221,0
0,18848,0
0,42008,0
0,77334,0
0,94618,0
0,102488,0
0,86667,0
0,76000,0
0,83360,0
0,98328,0
0,33195,0
0,46011,0
0,53190,0
322000,28426,1040000
0,39414,0
0,42039,0
0,19528,0
0,37700,0
80000000,27578,274470394
60000000,22538,47664559
0,97735,0
0,45803,0
0,112383,0
5000000,44629,1000000
0,44770,0
0,46391,0
0,149114,0
0,30860,0
0,67367,0
0,96108,0
0,30966,0
0,47477,0
0,40818,0
0,37951,0
0,43821,0
0,55971,0
0,10271,0
0,17821,0
12000000,23759,6814789
0,26280,0
4500000,39800,744816
0,8900,0
0,3476,0
0,9503,27412220
0,52270,0
0,44737,0
0,8070,0
0,46334,0
0,80364,0
0,21001,0
0,171492,0
0,79829,0
0,39142,0
0,21781,0
0,19874,0
0,44806,0
0,132883,0
21800000,43549,0
700,14138,0
0,38150,0
0,47912,0
0,128298,0
0,42565,0
24000000,43593,83188165
0,263579,0
0,1914,0
25000000,35552,34100000
7500000,44718,0
0,67381,0
0,26035,0
0,25474,0
0,16346,0
0,33774,0
0,102286,0
0,53446,0
0,108232,0
0,44533,0
0,15952,179943
0,39563,0
0,55520,0
10000000,41479,7022728
0,65787,0
0,51759,0
0,41248,0
0,29538,0
0,115109,0
0,42850,0
0,31900,0
0,37842,0
14000000,29159,0
5000000,191550,125400
0,122671,0
0,42991,0
0,44140,0
30000000,42194,967000
0,31443,0
0,33494,0
0,91873,0
0,207937,0
823258,20200,823258
0,37259,0
0,62981,0
0,33682,0
0,79043,0
0,28609,0
0,46164,0
1800000,38358,67738090
0,113458,0
0,42085,0
0,37581,0
0,84701,0
0,32196,0
0,42495,0
0,95597,0
0,55562,0
0,49943,0
20000000,27579,65464324
0,105347,0
0,77057,0
0,98636,0
0,96451,0
0,14158,0
0,47670,0
0,55648,0
0,88034,0
0,172535,0
0,109466,0
0,32638,0
0,37905,0
0,30846,0
19000000,41210,49830607
0,107983,0
150000,9761,0
0,57816,0
0,40663,0
0,91396,0
53000,10165,0
0,139433,0
0,121471,0
0,103745,0
0,54182,0
0,39786,0
1000000,50641,57
0,55403,0
0,46697,0
20000000,23631,31327899
30000000,41233,159291809
0,17966,0
0,206145,0
0,44255,0
0,39240,0
0,50338,0
32000000,38073,42045846
0,76237,0
0,129467,0
0,105737,0
0,71839,0
0,109881,0
0,52337,0
0,32194,0
0,80806,0
0,44222,0
0,13585,0
0,43790,0
0,30630,0
0,36814,0
0,32552,0
0,133792,0
0,101422,0
0,132859,0
0,113214,0
0,33481,0
0,31549,0
0,43642,0
0,148482,0
2500,13209,0
0,55063,0
1500000,22681,0
0,39519,0
0,119764,0
0,40985,0
20000000,40264,80547866
0,148175,0
0,28938,0
0,268021,0
0,4204,0
60000000,35791,300228084
0,42430,0
7000000,35716,0
24000000,37645,0
0,69119,0
0,24955,0
5000000,32151,0
0,55066,0
0,104310,0
0,124315,0
290,66701,0
0,43804,0
1500000,15915,0
0,8886,0
400000,46026,0
275000,227196,0
0,148636,0
0,31428,0
0,49813,0
90000,29424,0
0,60678,0
0,39995,0
40000000,37799,224920315
0,138522,0
0,114395,0
3500000,45162,0
0,96172,0
0,15527,0
0,85692,0
0,110748,0
120000,40652,0
37000000,23168,154026136
0,45884,0
0,35956,0
0,85819,0
0,15834,0
0,22476,0
0,37059,0
8000000,37735,74952305
60000000,38167,204594016
30000,38568,617000
3000000,45778,0
100000,18046,0
0,27442,0
0,107612,0
0,33729,0
0,50356,0
0,43939,0
1750000,46563,0
0,60076,0
0,15179,56299
14000000,43949,1755212
0,44992,0
70000000,33909,134748021
0,48110,0
0,121154,0
0,59572,0
0,207681,0
80000000,41216,140073390
85000000,39691,112483764
0,42530,0
0,43491,0
0,43890,0
0,37596,0
0,41486,0
0,41482,0
30000000,74714,0
0,35219,0
1200000,72913,0
0,94959,0
0,22734,0
0,56168,0
0,34145,0
0,40911,0
0,54720,0
8000000,43923,6491240
60000,5719,0
0,71575,0
0,159186,0
0,2754,0
0,166204,0
0,40970,0
0,161710,0
22000000,38842,0
0,45261,230600
0,73682,0
0,22136,0
0,38410,0
0,342218,0
0,125946,0
0,154442,0
0,201695,0
0,25694,0
0,42318,0
0,36569,0
3800000,27023,111731
0,38961,0
1,56969,2
0,45077,18000
1500000,40599,0
0,52221,0
0,165534,0
0,59581,0
0,67531,0
0,125948,0
0,32021,0
0,75938,0
0,706,0
0,30931,0
0,33009,0
1400000,46198,0
0,18178,0
0,117211,0
20000000,41402,24145613
550000,45745,0
150000,10378,0
35000000,39486,60251371
0,27374,0
10000000,44040,33583175
0,12807,0
20000000,38303,32005248
38000000,38408,105610124
30000,42296,3045943
22000000,38031,0
0,28018,0
0,45729,0
22000000,44113,9479718
625000,173672,0
0,9639,0
0,43894,0
0,85290,0
0,3592,0
2000000,44639,7871522
7600000,43619,0
500000,43933,4242978
0,30071,0
0,17031,0
0,41994,0
0,15375,0
12500000,45094,6732980
4000000,70695,55125
7,38415,7
0,110502,0
0,43369,0
0,111315,0
0,98115,0
15000000,42188,9455232
0,11567,0
0,27441,0
0,30036,0
0,43187,0
0,4706,0
0,9577,0
0,20034,0
18000000,41201,5602431
0,19597,0
0,46847,0
0,110790,0
0,16015,0
0,20263,0
0,10311,0
0,50834,0
0,16271,0
0,12482,0
0,53486,0
0,25633,0
0,206577,0
0,166671,0
0,39933,0
0,81231,0
0,46756,0
4400000,46812,0
0,46837,539957
0,76825,0
0,16344,0
0,38124,0
0,60035,0
4000000,35379,0
7500,214430,0
0,41308,0
0,75341,0
0,92950,0
0,113456,0
2270000,44549,6900000
0,155852,0
0,174792,0
0,131861,0
0,45739,0
500000,45649,98017
0,39681,0
22000000,41505,851517
0,40048,0
0,8749,0
0,14088,0
0,49218,0
0,50656,0
20000000,16290,117224271
0,39312,1422910
0,42307,0
0,45650,0
0,64156,0
0,42941,0
0,50475,0
0,97241,0
0,39440,0
0,52848,0
0,41009,0
0,73348,0
0,52358,0
0,32540,0
0,74896,0
0,44890,0
0,44823,0
58000000,39514,71664962
0,213864,0
0,90930,0
0,86233,0
0,98364,0
15000000,44716,0
25000000,43931,19829957
0,63611,0
0,47426,0
0,18590,0
0,37810,0
0,13548,0
0,21431,0
0,25073,0
0,155445,0
0,20700,0
0,114333,0
0,201646,0
0,127083,0
0,4921,0
0,370264,0
0,11389,0
0,45336,0
0,165911,0
0,37438,0
12000000,14397,5285197
0,53655,0
0,52047,0
0,27372,0
0,43681,0
8700000,41211,47355187
4000000,46332,41424067
0,135198,0
0,44986,0
0,43738,0
0,60665,0
0,43601,0
0,68774,0
0,4729,0
0,47792,0
0,46979,0
0,143336,0
3000000,41436,177512032
0,49207,0
10000000,46103,0
200,48016,0
0,55536,0
0,6793,0
0,79743,0
0,53792,0
0,67232,0
0,44076,0
0,48015,0
0,35957,0
0,51241,62985
8500000,8316,0
0,31605,0
0,22398,0
0,16029,0
50000000,44603,105197635
0,41215,265318
15400000,1782,0
3000000,38234,0
0,11391,0
20000000,41439,136150434
65000000,41733,211780824
0,182756,0
0,77960,0
18000000,44115,35692920
130000000,38055,321887208
500000,54315,0
0,33600,0
0,54109,0
0,52237,0
0,43819,0
0,43007,0
0,49863,0
13000000,44214,327803731
0,80720,0
0,114096,0
0,91607,0
0,130917,0
0,40378,0
0,30979,0
0,56192,0
0,46537,0
0,49953,0
0,43943,538000
22000000,38363,24188922
0,40716,0
0,43189,0
0,3007,0
0,27563,0
0,61755,0
0,59408,0
0,79591,0
0,26891,0
0,39039,0
0,52111,0
0,13630,0
250000,45593,0
0,41058,0
0,1673,0
200000,28671,0
2000000,14234,0
0,49110,0
0,126238,0
0,65726,0
2500000,41123,0
0,44442,0
0,48466,0
1000000,47065,0
2500000,38325,0
0,103894,0
0,48000,0
0,71317,0
0,137504,0
0,64340,0
12000000,44571,0
0,38368,0
262000,112072,0
0,114444,0
0,157178,0
0,68849,0
0,134569,0
100000000,44048,167805466
40000000,38357,58785180
0,48303,0
30000000,43539,51148651
8000000,39210,0
0,72421,0
0,62103,0
8000000,44147,3453043
0,92096,0
18000000,43434,871279
0,45958,25147786
0,34208,0
0,15036,0
0,36940,0
250000000,12444,954305868
15000000,45269,414211549
260000000,38757,591794936
0,46757,0
0,71701,0
0,43862,0
0,43437,0
0,24574,0
0,80545,0
0,87387,0
600,44687,0
600000,162643,0
0,41999,0
0,13834,0
5000000,15012,0
0,44886,0
25000000,45317,93617009
4500000,41556,123820
0,42363,0
0,52998,0
0,31031,0
0,49583,0
0,202768,0
0,37927,0
0,48486,0
0,56648,0
0,128442,0
0,110115,0
0,87415,0
0,95043,0
0,113882,0
0,48871,0
0,93669,0
7000000,47088,453079
0,147622,0
0,35458,88335
0,50990,0
0,111396,0
0,36373,0
0,99080,0
0,49787,0
0,253074,0
0,64782,0
0,96118,0
0,26769,0
0,43924,0
0,46420,0
0,36615,0
0,83817,0
0,51885,0
0,54523,0
0,73420,0
12500000,45324,1083683
0,120835,0
0,33996,0
0,15702,0
0,15436,0
0,39358,0
0,6320,0
0,28699,0
0,47979,0
25000000,48838,4644108
10000000,42684,66821036
0,34764,293500
2000000,37234,0
0,42483,0
3000000,42561,0
0,42046,0
0,52320,0
0,36405,0
0,35123,0
0,37083,0
0,51618,0
0,61370,0
0,22135,0
0,53654,0
0,14463,0
0,35395,81010
17000000,38117,43165571
0,37690,0
300,24837,0
30000000,43347,102820008
155000000,10140,415686217
65000,47607,416498
0,80435,0
0,38340,0
0,121238,0
0,59828,0
0,28155,0
0,26663,0
0,86608,0
0,80572,0
100000000,37710,278731369
0,48946,0
0,45136,0
0,130424,0
0,44028,0
1948000,48395,0
0,44982,3317662
0,60440,0
1000000,57000,0
0,65041,0
0,39968,0
0,32234,0
0,12823,0
0,63290,0
0,71395,0
0,43114,0
1200000,59917,0
0,56693,0
0,40882,0
0,85876,0
0,62789,0
0,31988,0
0,34667,0
0,5562,0
0,41187,0
0,43614,0
0,44160,0
0,99738,0
0,95453,0
0,46773,0
0,70800,0
0,60234,0
0,49296,0
0,1906,0
350000,36738,0
0,195833,0
0,49901,0
0,195311,0
0,56142,0
2500000,43919,52604
0,84108,0
0,80701,0
0,46503,0
0,48833,0
0,40664,0
0,150838,0
0,234942,0
0,118533,0
0,44441,0
0,43973,0
0,50241,0
0,57489,0
0,37514,0
0,49322,0
27000000,43930,16504936
0,46660,0
0,170986,0
0,96366,0
38000000,44264,252276927
170000000,20526,400062763
8000000,44009,18124262
0,49684,0
0,104720,0
0,111470,0
0,43318,0
0,322799,0
120000000,42888,48668907
0,130623,0
30000000,46829,8454301
0,52445,1275162
0,84086,0
15000000,44129,4882577
0,43855,0
0,23108,0
0,121006,0
0,18029,0
0,62567,0
7000000,37080,0
2500000,30023,0
0,50701,0
0,250810,0
0,107592,0
0,83036,0
2000000,50673,0
325000,30548,0
0,26138,0
0,40149,0
0,10817,0
0,31300,0
0,54178,0
0,8464,0
0,49797,0
0,39988,0
0,481,0
0,36115,0
0,31283,0
0,4266,0
0,111390,0
0,32609,0
0,46788,0
0,40649,0
0,10018,0
0,52587,0
0,48203,0
0,25908,0
0,117042,0
0,238362,0
0,15740,0
45000,173288,0
0,35958,0
0,13246,0
24000000,41283,23081726
0,42984,0
0,31104,0
0,81219,0
0,27072,0
25000000,35138,0
5000000,27585,5129058
0,48204,0
0,62337,0
0,53156,0
0,84827,0
0,25434,0
0,54812,0
0,23282,0
0,38705,0
100000000,39451,310650585
112000000,38745,237382724
0,50071,206728
0,28025,0
0,107548,0
0,1361,0
0,39839,1100000
0,102091,0
0,112674,0
0,10097,0
0,78320,0
0,51143,0
0,48748,0
0,52208,0
7000000,56812,3218666
0,34576,0
0,51357,0
0,51358,0
0,20495,0
0,80054,0
0,161512,0
0,56448,0
0,42323,0
0,56320,0
0,104394,0
0,19887,0
0,82549,0
2200000,196235,0
0,54430,0
0,46207,0
0,33107,0
0,48127,0
25000000,33870,20719451
55000000,42297,89519773
0,82622,0
0,51359,0
0,37866,0
37000000,51739,145570827
5000000,46838,5476793
0,38409,0
0,45301,0
0,32407,0
0,38054,0
80000000,41515,201584141
271323,50420,0
0,21136,0
0,31850,0
0,61943,0
0,35392,0
0,20531,0
0,15302,0
0,31694,0
0,163659,0
0,39967,0
0,37533,0
0,23508,0
0,18381,0
0,6474,0
0,30914,0
0,56787,0
0,64212,0
0,8995,0
0,7210,0
0,52696,0
0,16987,0
7200000,46138,0
0,247112,0
0,247124,0
0,61212,0
0,185720,0
0,72413,0
0,14639,0
1500000,46689,187716
0,54660,0
0,49041,0
7000000,23830,7644937
0,55584,0
0,89126,0
0,42243,0
0,51360,0
0,27470,0
0,50704,0
0,15548,0
0,15552,0
0,46827,0
0,53079,28200
0,22007,0
0,26277,0
0,165402,0
0,102144,0
0,56402,0
120000000,40805,227817248
0,49616,0
0,124058,0
0,51362,0
0,25770,0
30000000,49009,20348249
42000000,46528,11087569
0,84274,0
0,64605,0
1000000,51933,0
850000,198317,0
0,38742,0
0,42138,0
0,25482,0
9100000,14070,76000000
0,156288,0
0,37086,0
0,38023,0
0,108869,0
0,43781,0
0,2325,0
8500000,50618,0
0,46387,26900000
0,54723,0
0,23019,0
0,43209,2340363
40000000,23047,88100000
0,198391,0
0,45284,0
0,46820,0
0,79118,0
0,62570,0
0,162234,0
0,42001,0
0,63892,0
0,40650,0
0,17605,0
0,53267,0
0,122019,0
0,58777,0
0,78117,0
0,36241,0
4668069,75363,0
0,57019,0
0,84903,0
0,25051,0
11000000,23174,15500000
0,4798,0
0,74924,0
0,105448,0
0,43950,0
0,90272,0
0,21198,0
0,132332,0
0,54779,0
163000000,49849,174822325
650,392067,0
0,49073,0
0,1543,3500000
0,8951,0
0,223613,0
0,44000,0
0,207999,0
0,93072,0
0,69313,0
0,60708,0
0,15993,0
0,57256,0
0,57448,0
0,29670,0
0,38830,0
0,37360,0
0,99372,0
0,24403,0
0,31654,0
0,25259,0
0,18562,0
10000000,14556,0
0,35052,0
0,58772,0
0,40619,0
0,20332,0
0,23077,0
0,90968,0
0,94608,0
0,88376,0
0,43501,0
0,52013,58
0,46787,0
0,92399,0
0,28391,0
0,51364,0
0,51366,0
0,111239,0
0,43653,0
70000000,44564,67112664
0,55061,693181
0,25862,0
1119000,112284,2019000
0,107774,0
0,10854,0
0,119094,0
0,33146,0
0,38787,0
0,43810,0
0,42175,0
0,18703,0
0,63578,951179
0,48471,0
0,15316,0
0,47610,0
0,48752,0
0,47055,0
0,1244,0
0,25695,0
0,39557,0
0,32319,0
0,34025,0
0,76229,0
0,25664,0
5000000,61783,0
0,42722,0
0,43936,0
0,47909,349899
0,12811,0
0,58937,0
0,31903,0
0,105067,0
0,55151,20666
0,68757,0
0,39993,0
4000000,45202,0
0,54160,0
0,48481,0
0,22985,0
27000000,51876,161849455
0,58261,0
0,89704,338987
0,120357,0
0,52461,0
0,51873,0
0,471,0
0,13652,0
0,27522,0
0,8417,0
0,44963,0
0,74289,0
0,22843,41162041
2000000,43947,572809
0,60213,0
0,34013,0
0,62495,9392
0,42411,0
0,45807,0
0,51367,0
0,55165,0
0,34767,0
0,21982,0
10600000,53596,0
0,31007,42145
0,52844,0
0,51092,0
0,26530,0
0,43017,0
2000000,113757,0
0,32612,0
0,38033,0
0,54293,0
0,47330,0
0,117258,0
0,293946,0
1,56745,0
0,133119,0
0,122884,0
0,33039,0
0,114083,0
0,70635,0
0,139851,0
5000000,62976,0
0,12536,0
0,34192,0
0,131781,0
0,45485,0
0,39695,0
25000000,41630,147780440
0,36939,0
40000000,50348,85412898
37000000,48171,96047633
0,43920,430041
3500000,56590,0
0,91958,0
0,79785,0
0,50779,0
2500000,44411,0
0,71732,0
0,85550,0
0,116751,0
4600000,72852,0
0,48954,0
0,32122,0
0,93553,0
0,16031,0
0,43046,0
0,86267,0
0,84207,0
0,53701,0
0,126104,0
0,28023,0
9000000,104364,0
13000000,78353,24441725
0,79731,0
0,103425,0
0,50900,0
0,51276,0
0,74074,0
0,35831,0
0,120843,0
0,39029,0
3500000,55662,0
0,13746,0
0,44944,37000000
0,8418,0
0,65898,0
0,288183,0
0,102527,0
0,148432,0
0,204040,0
93,50217,2500000
0,80988,0
0,24868,0
0,47578,0
0,52970,0
15000000,45272,20529194
30000000,48138,130786397
30000000,48340,108609310
0,52067,6861102
50000,22484,0
0,46441,0
36000000,45772,189712432
0,46260,0
0,84295,0
0,43825,0
0,91419,0
0,119183,0
5,195651,0
0,11788,0
0,82792,0
0,54635,0
0,81687,0
0,79180,0
0,109887,0
0,112705,0
0,84296,0
0,150712,0
0,31324,0
10000000,50204,4349187
0,53045,0
0,18438,0
10000000,30432,0
10000000,43552,1068682
0,85886,0
0,87906,0
0,17240,0
0,39959,0
0,56259,0
0,114246,0
0,140527,0
0,45274,0
40000000,39513,97552050
0,46789,0
0,30901,0
0,15576,0
0,49844,0
0,81217,0
0,54506,0
0,32520,0
0,37618,0
0,12471,0
0,36883,0
0,51971,0
0,64441,0
0,31987,0
0,14538,0
0,92332,0
0,174958,0
1500000,20993,0
0,183894,0
0,98078,0
0,33997,14631377
0,14525,0
0,48118,0
0,43088,0
0,36505,0
0,119965,0
6000000,4704,1500000
0,83013,0
0,42171,0
0,878,0
0,57424,0
0,35001,0
50000000,47327,28931401
135000000,44896,245724603
0,37380,0
19000000,50725,6928068
0,54186,0
50200000,38050,127869379
0,113885,0
0,56930,0
0,43526,0
0,31890,0
0,52555,0
0,131836,0
0,58764,0
0,55238,0
0,33228,0
0,42482,0
0,91459,0
0,58376,0
0,47218,215576
0,34944,0
0,59990,0
0,43256,0
0,56811,35456
40000000,27582,51070807
36000000,48988,83160734
25000000,49494,27122040
50000000,46529,144492830
0,141971,0
0,49637,0
3000000,37714,0
0,305656,0
10400000,51200,20967660
70000000,44943,202466756
0,45714,0
0,106406,0
0,63702,0
0,31644,0
0,28874,80768
0,14903,0
0,60290,0
0,60221,0
0,54793,0
0,144792,0
592,53230,1
2900000,9706,0
0,57703,17636261
0,56831,0
0,19829,0
10000000,25186,9069
0,43339,0
0,36540,0
150000000,50321,38992758
0,22620,0
0,56092,0
0,34214,0
0,8770,0
0,42819,0
0,118381,0
0,53358,0
0,40655,0
0,47533,0
15000000,31162,21500000
0,45022,0
13000,24885,0
0,43451,0
0,20722,0
0,72185,0
0,99329,0
0,71110,0
0,16439,0
0,29865,0
0,18143,0
23000000,13957,0
0,26011,0
0,47931,63027681
0,13461,5151936
80000000,15362,0
0,53237,0
0,19205,0
0,37583,0
0,59248,0
80000000,50546,214918407
0,70591,0
0,51447,1611000
0,104221,0
0,243565,0
0,44657,0
0,33025,0
0,15182,0
0,59490,6467348
42000000,49730,89162162
32000000,38322,83615414
2500000,45132,324138
0,77078,0
0,103751,0
3500000,46146,4159678
32000000,45612,147332697
0,38684,34710627
0,84303,0
0,442417,0
0,333590,0
0,81751,0
0,193547,0
0,93528,0
0,109326,0
82000000,23629,89792502
0,14147,0
0,55893,48132
0,40856,0
3167000,48243,0
0,46458,0
0,42167,0
0,57409,21878
0,2010,0
0,47215,0
0,45715,0
8000000,58232,1749457
0,53364,0
0,62342,0
0,37534,0
6000000,57521,3770657
0,13847,0
0,24926,12000000
0,10356,0
0,37405,0
0,76875,0
0,104430,0
0,29436,0
0,11406,0
5750000,19611,0
0,16179,0
0,153041,0
0,85769,0
0,211331,0
0,45046,0
0,42273,0
0,13413,0
0,159878,0
0,95242,0
0,81414,0
0,45189,0
7347125,43418,0
0,41616,0
0,15837,0
0,58496,8212430
0,16140,50710400
0,60434,0
1500000,49018,97009150
0,57120,876302
0,131770,0
0,99351,0
3000000,49010,748453
0,42815,0
0,76372,0
0,20329,30231200
10831173,55725,10654385
0,57537,0
0,48650,0
0,98399,0
0,42531,0
0,44087,0
0,90406,0
6500000,44898,753808
0,20995,0
0,54354,0
0,68629,0
0,82460,0
50000,51290,0
0,98514,0
0,13190,0
0,43021,0
0,56527,0
3,39356,43
0,38502,0
21000000,60307,72417394
0,28802,0
12000000,53172,204940
0,10408,0
0,31405,0
0,83651,0
63000000,50359,183953723
0,96529,0
1500000,8896,0
0,64484,0
0,75725,0
0,3397,0
0,97284,0
0,97149,0
0,48596,0
0,31408,0
0,149149,0
0,31402,0
0,31412,0
19000000,73191,2119994
0,29972,0
0,59266,21268
0,63555,0
0,54001,0
6000000,58857,17555141
0,41273,0
0,21372,0
0,54194,0
0,89756,0
0,46228,0
0,30734,0
0,51141,0
0,27091,0
0,29043,0
0,36871,0
30000000,50456,63782078
0,49334,0
0,36331,0
5000000,47435,0
0,47582,0
0,86750,0
1500000,46523,8786756
0,367647,0
4000000,30388,0
0,29920,0
0,39284,0
0,44988,0
3000000,51423,4800080
900000,54527,0
0,23521,0
0,46105,90275
40000000,49012,45735397
40000000,41446,97138686
90000000,46195,484635760
14734000,57695,6775121
0,101226,0
0,126596,0
0,49876,0
0,178587,0
0,57698,0
0,3081,0
7400000,62215,21817298
0,31451,0
150000000,10195,449326618
0,40719,0
0,43435,0
0,59928,0
0,45523,0
0,30969,0
15000000,56780,4627375
0,99920,0
0,76714,0
0,24447,0
0,31555,0
0,77166,0
0,72596,0
0,26880,0
12300000,18826,0
4000000,48415,65584679
20000000,50671,0
0,57118,0
0,30599,0
0,29745,0
0,12221,0
0,44159,0
30000000,47904,0
0,34420,0
0,27045,0
0,25638,0
0,152861,0
0,53741,119919
0,10011,0
0,140101,0
0,72026,0
0,77124,0
0,42709,0
0,36821,0
0,61952,0
0,12078,0
0,9511,48720000
20000000,202241,0
0,72375,0
0,21508,0
0,76816,0
0,51520,0
0,141241,28
0,8904,0
0,18187,0
0,167966,0
0,48515,0
0,87673,0
0,36290,0
0,4880,0
0,28627,0
560000,239553,0
0,60315,0
0,43817,0
0,48414,0
0,12588,0
0,51736,0
38000000,55787,114156230
0,125874,0
0,43498,0
0,3581,0
0,33134,0
0,61488,0
0,61933,0
4600000,50848,0
0,35619,0
0,34902,0
0,57586,15240456
0,52032,246574
6500000,62255,0
0,106515,0
0,185263,0
0,44555,0
0,54083,0
0,51209,1188194
0,14252,0
12000000,52256,0
0,55934,0
125000000,51497,626137675
0,87308,0
0,80639,0
0,84099,0
0,43515,0
0,43594,0
0,57082,0
0,157856,0
0,241620,0
0,37041,0
19000000,88451,0
0,57035,0
0,19237,0
0,86225,0
0,28286,0
0,128990,0
0,46175,0
0,43908,0
0,130272,0
0,42521,0
0,56113,0
0,50272,0
0,55836,0
0,79179,0
0,1115,0
3900000,54524,208475
0,22449,0
0,46804,0
0,8931,0
0,56314,0
0,62321,0
0,97039,0
0,19482,0
0,57859,0
0,117406,0
0,120972,0
0,73474,0
0,11376,0
6800000,46738,7103838
0,54699,0
0,18033,0
0,92341,0
0,47310,0
0,38944,0
0,55408,0
0,40041,0
0,62077,0
0,24810,0
0,30335,0
0,188505,0
18000000,43959,47088990
35000000,49022,59901913
0,40699,0
0,21841,0
0,115427,0
32500000,55721,288383523
60000000,38321,78309131
0,61420,0
0,56822,0
100000000,32654,0
0,49853,0
2500000,46849,71904
9780000,13507,0
21000000,50780,970816
0,50012,0
0,58035,0
0,27777,0
0,92667,0
0,106882,0
0,39410,0
0,1679,0
8500000,47518,0
380000000,1865,1045713802
30000000,59436,151119219
0,63831,0
0,51608,43059790
0,43385,0
0,50078,0
32000000,8967,54674226
0,86284,0
0,63858,0
0,41611,0
0,15911,0
0,28723,0
80000000,45243,254455986
32000000,52077,0
0,32120,0
0,85504,0
0,110628,0
0,56271,0
0,70264,0
0,22882,0
0,121662,0
0,56807,0
0,23116,0
0,60306,0
0,21469,0
0,359002,0
20000000,5937,0
0,38931,0
0,3107,0
0,131880,0
0,145154,0
0,43692,0
2000000,42889,563706
0,252059,0
4317946,57276,14624826
800000,79649,0
0,87349,0
0,47489,0
0,29382,0
0,17367,0
16000000,49950,40492759
0,11226,0
0,84237,0
0,52049,0
0,25672,0
0,42506,0
0,80560,0
2000000,53413,0
0,23516,0
0,43616,0
0,122709,0
0,78789,0
0,58529,0
0,104505,0
0,83230,0
0,3962,0
0,142712,0
0,55700,0
0,80799,0
0,10420,0
9500000,44945,120000
0,15543,0
0,85670,0
0,113653,0
0,97211,0
0,44221,0
0,83345,0
0,57059,0
0,74183,0
0,51170,0
2000000,60164,0
0,41504,0
2000000,38850,7306
6000000,37206,0
0,83587,0
0,76171,0
0,140995,0
3906840,42571,4300000
0,45033,0
0,44223,0
14350531,59678,3964682
0,59468,4430765
0,51533,0
135000,46221,0
0,33203,0
0,37665,0
0,80027,0
0,25738,0
0,39834,0
150000000,49444,665692281
0,34184,0
0,100420,0
0,44443,0
160000000,49538,353624124
0,49020,864659
0,50507,0
0,43497,0
0,38417,0
0,104439,0
0,120977,0
0,43489,0
0,102541,0
0,65289,0
30000000,52505,102000000
0,78526,0
0,25541,0
0,70862,0
0,102384,0
0,48996,0
0,21616,0
5000000,45658,2614773
0,127818,0
0,41827,0
3200000,55347,5332926
50000000,37686,260095987
0,41382,0
0,45675,0
0,52918,0
2705100,79072,0
0,43765,0
0,103203,0
0,123074,0
0,78400,0
0,87945,0
0,126108,0
0,246882,0
0,61475,0
0,84823,0
0,34835,0
9500,114044,0
0,140007,0
0,222600,0
0,449677,0
0,185579,0
0,29877,0
0,37523,0
0,44104,0
0,13137,0
0,56231,0
0,47171,0
0,58446,0
0,144560,0
0,44219,0
0,19963,0
0,105981,0
0,89688,0
0,263532,0
0,55763,0
200000000,44912,219851172
0,15766,0
0,55761,0
0,57536,0
0,56272,10
0,13378,0
4000000,36784,0
0,112422,0
0,64566,0
0,50069,1131688
55000000,58224,187361754
20000000,52449,216197492
0,169788,0
20000000,35688,60072596
0,89158,0
0,148675,0
0,131504,0
0,80941,0
0,74088,0
0,94241,0
0,45239,0
195000000,38356,1123746996
30000000,59861,36160375
0,57771,0
49900000,38319,26121638
0,291164,0
500000,47386,0
0,97831,0
0,175035,0
0,43188,0
0,95854,0
0,80086,0
0,126777,0
20000000,60062,14166853
5000000,14552,0
2000000,59111,0
2000000,44991,0
0,330152,0
0,108213,0
0,107973,0
0,64854,0
0,62382,0
0,128042,0
0,18928,0
0,429876,0
0,55754,0
0,61033,0
0,23190,0
0,47975,0
0,65034,0
0,61546,0
0,125233,0
1000000,85430,0
0,148314,0
0,55502,0
0,32934,0
0,1736,0
0,91150,0
0,126516,0
0,64350,0
0,18888,0
0,44439,0
0,288108,0
0,18125,0
0,42368,0
0,42150,0
0,289010,0
0,366044,0
0,147846,0
0,27358,0
32000000,22907,69055695
0,53256,2611555
0,59065,0
0,41593,0
0,12840,0
0,169842,0
0,55756,0
0,55759,0
0,114514,0
0,126517,0
0,12513,0
0,73884,0
0,32893,0
1000000,60302,0
0,52605,0
80000000,38317,169852759
35000000,51540,117000000
425000,41360,0
0,65509,0
200000000,49013,559852396
0,96394,0
0,64158,0
0,25867,0
0,58257,0
0,72449,0
0,63197,0
7000000,66113,0
0,52239,0
2100,30645,0
0,45215,0
337,108923,551
10000000,45657,498974
0,48627,0
0,41339,0
0,63144,429766
0,109258,0
0,109251,0
0,29577,0
0,83989,0
0,24792,0
2500000,36663,0
0,44990,0
0,26699,0
0,45014,0
3500000,20055,0
0,61537,0
0,19434,0
0,37560,0
0,57965,0
0,86262,0
0,39840,0
0,37832,0
0,61814,0
0,52188,0
0,45690,0
0,80294,0
0,12432,0
0,1482,0
2100000,40047,0
0,98060,0
0,63297,0
0,68200,0
0,94725,0
0,95482,0
0,67236,0
0,262296,0
0,288153,0
0,35954,0
0,42516,0
0,32691,0
0,54690,0
0,37189,0
0,177697,0
0,24189,0
0,96105,0
0,109048,0
0,21959,0
0,68029,0
0,60897,0
4090000,67109,18035000
0,193065,0
0,73340,0
0,38645,0
300000,49594,0
0,118116,0
0,295560,0
0,44480,0
0,64780,0
0,71982,0
0,84922,0
20000000,59860,17425000
1000000,55895,0
0,4641,0
0,16900,0
0,66195,14870
125000000,12445,1342000000
0,65058,223959
15000000,64690,78054825
0,53404,0
0,60899,0
0,33765,0
134005,58882,1332231
140000000,1771,370569774
0,27984,0
0,41872,0
50000000,50646,142851197
0,80613,0
0,72447,0
0,134168,0
0,100010,0
0,142876,0
0,115425,0
15000000,51828,59389433
0,62522,0
0,63287,0
0,27588,0
0,404479,0
0,74946,0
0,62749,0
0,45801,0
0,55166,0
0,85367,0
6000000,67913,19560274
2902660,66942,0
4000000,59115,0
1200000,62106,0
0,72558,0
30000000,51162,14460000
0,55632,10967
0,65599,0
0,91891,0
0,58897,0
0,28480,0
0,8897,0
0,56653,0
0,59566,0
0,30873,0
0,54540,12000000
0,42463,0
410000,42481,100
0,8888,0
0,46772,0
0,47251,0
0,86655,0
0,31303,0
0,28039,0
0,46995,0
0,60785,0
0,230680,0
0,57389,0
0,26242,0
0,65016,0
0,13931,0
0,44117,0
0,63736,0
0,94716,0
110000000,41513,563749323
0,61724,0
0,48453,0
0,48612,0
0,67636,0
0,51765,0
20000000,43935,4634062
0,12446,0
1000000,80210,0
10000000,17086,0
35000000,50544,150483765
0,51735,0
0,47116,0
0,107246,0
0,50072,0
0,68412,0
0,69794,0
0,70192,0
0,111678,0
0,50004,0
4700000,20268,0
0,68174,0
0,49847,0
0,22093,0
20000000,12819,39300000
0,85640,0
0,121903,0
0,141055,0
0,83105,0
10000000,33927,18
0,92311,0
0,43792,0
0,76382,0
0,47854,48398
0,138341,0
0,126922,0
15774948,55846,741875
0,189005,0
0,13254,0
0,117401,0
0,44257,0
0,54384,0
0,67404,0
2500000,57403,0
0,86261,0
0,90511,0
0,45839,0
0,19178,0
0,128395,0
0,45765,0
0,88562,0
0,24923,0
0,91208,0
0,57361,0
0,95956,0
0,46920,0
0,36956,0
0,43338,0
0,51851,0
0,54326,0
0,191060,0
0,38937,0
0,8462,0
0,35008,0
0,47855,0
0,47324,0
0,51010,0
0,56810,0
0,77546,0
0,14688,0
10000000,59968,17273593
0,105158,0
0,38638,0
0,63849,0
0,11110,0
0,65673,0
0,73408,0
7000000,78381,0
9000000,39806,771499
0,54220,0
0,209802,0
7000000,51620,0
0,53146,0
0,13070,0
0,70821,0
0,70342,0
0,52350,0
3837625,63943,3867000
0,25894,0
0,120932,0
93000000,61791,482860185
0,51993,144633
0,101653,0
0,133781,41232
0,64318,0
0,29399,0
0,35257,0
0,28793,0
0,26479,0
350000,92465,0
0,120995,0
52000000,49520,75450437
0,46558,0
0,29496,0
0,324011,0
25000000,50014,124272124
28000000,62206,40547440
0,56697,0
0,52991,0
550000,81829,0
0,185197,0
0,104602,0
0,80771,0
9000000,67675,18663238
6400000,46584,0
0,11604,0
0,111623,0
0,90395,0
0,59435,1279
0,56832,0
0,36242,0
0,41387,0
0,52846,0
0,50722,0
0,82688,0
0,39413,0
0,9295,0
47000000,55779,157887643
0,51384,0
25000000,60309,15478800
19000000,55465,35387212
0,35030,0
0,31398,0
65000,43120,0
0,38774,0
0,29484,0
0,88271,0
7000000,40794,8220215
0,62385,0
0,162453,0
0,42973,1056938
0,77922,0
0,35802,0
0,47261,0
27000000,56288,85564310
0,73930,0
0,105287,0
0,117412,0
0,98635,0
784170,111960,834332
0,42692,0
0,64964,0
0,46998,0
25000000,46261,36993168
17000000,58151,24922237
100000,55420,1776935
0,104251,0
0,22857,0
0,60375,0
7000000,44835,382946
0,51370,0
0,49913,0
0,100776,0
0,21786,0
155000,33470,0
650000,52015,33245
0,58492,621951
0,84880,0
20000000,48289,45636368
40000000,62835,60965854
0,55244,1339650
0,80382,0
0,421510,0
3000000,43942,103735
500000,18634,0
1300000,29491,0
0,109235,0
0,4938,0
0,76121,0
13000000,63311,5774854
0,20441,0
0,121530,0
0,17974,0
0,59392,0
0,15052,0
0,64832,0
0,40959,0
0,55845,0
0,64320,0
0,44750,0
90000000,37430,48795021
3500000,50023,0
8000000,51588,10130000
0,57211,0
4500000,11388,0
10000000,16335,0
1180000,52725,0
0,53437,0
0,52338,0
0,69292,0
0,63721,0
0,15425,0
0,53520,0
0,69765,0
0,27986,0
0,63579,0
0,109008,0
0,11248,0
0,21141,0
850000,52685,0
0,40016,0
0,100794,0
0,17236,0
0,48199,0
0,60784,0
0,73358,0
0,69798,88025781
0,79775,0
0,246749,0
0,86751,0
1000000,54662,0
0,46758,0
0,172149,0
0,39845,0
0,36519,0
0,72711,282448
0,54797,0
4000000,48572,1104682
0,74938,0
0,67532,0
0,32859,0
500000,407,0
5000000,67884,0
0,18375,0
0,14215,0
10000000,55720,1759252
0,25855,0
0,55246,22270
0,58884,0
0,50838,8020
0,392884,0
0,72744,0
24000000,70868,30551495
0,117478,0
0,98482,0
0,95358,0
0,47675,0
0,52278,0
0,106833,0
0,99272,0
28000000,65055,10126458
0,51072,0
60000000,39538,137551594
11000000,61667,0
0,131764,0
0,23587,5091888
10000000,64586,0
0,60225,0
0,85498,0
25000000,64639,10324441
50000000,60308,110206216
160000,47753,0
0,16092,0
0,45048,0
0,108844,0
0,72914,0
0,43511,0
0,28373,0
3850000,73532,0
0,201405,0
0,73454,0
0,89271,0
0,43637,0
0,61202,0
8000000,47760,163265
0,55785,0
0,68341,0
0,46909,0
0,71689,0
0,31167,0
0,30867,0
0,55847,0
0,65317,0
0,103475,0
0,49974,0
0,64524,0
0,35125,0
0,78228,0
0,65081,0
0,57726,0
0,36236,0
0,63327,0
16000000,61404,0
0,76684,0
0,32958,0
0,45806,0
25000000,38543,0
0,80241,0
0,66605,0
0,269518,0
0,81783,0
0,166798,0
0,36513,0
0,27881,0
0,100033,0
0,18093,0
0,86920,0
0,75865,0
0,124630,0
0,87063,0
0,5473,0
0,72049,0
0,46534,0
2000000,55890,0
0,44950,0
0,101772,0
0,154623,0
0,13616,0
0,38437,0
0,132227,0
220000000,24428,1519557910
0,82260,0
30000000,49517,0
800000,60243,0
15000000,48231,27462041
0,109886,0
0,74525,0
0,42077,0
0,42266,0
0,154879,0
25000000,59440,23057115
0,85821,0
1000000,33555,0
0,125736,0
0,94655,0
0,131732,0
0,106825,0
12500000,10316,75993061
0,65283,0
0,173341,0
0,91961,0
0,95949,0
0,84299,0
500000,74725,171760
66000000,49021,57777106
0,38743,0
0,67885,0
6250000,37822,8500000
0,52058,0
17000,58699,101236
8000000,40807,39187783
0,39517,0
500000,52837,0
10000000,54469,0
275000,41800,0
0,85916,0
0,81401,0
7000000,63375,0
0,74879,138730
15000000,74643,133432856
0,17658,0
0,57714,0
0,105757,0
0,13687,0
0,72419,0
0,71905,0
0,114060,0
0,39861,0
0,123723,0
0,115596,0
61733,59852,0
0,85743,0
0,100784,0
0,41822,0
0,45590,0
0,103590,0
0,55863,0
0,47182,0
0,70803,0
0,91094,0
26400000,148284,62000000
0,75375,0
0,56345,0
0,148327,0
0,129427,0
0,60421,0
0,27439,0
6000000,50765,0
0,70636,0
0,63907,0
0,113432,0
0,33592,0
0,58402,0
0,30043,2000000
0,86440,0
0,149507,0
0,126004,0
0,63025,0
0,88922,0
5000000,64720,3099314
0,125039,0
0,70588,0
0,48778,0
5000000,42707,27046
0,31116,0
4000000,56401,253899
0,129942,0
0,134209,0
0,113258,0
0,117404,0
0,83633,0
0,69722,0
0,61645,0
0,218389,0
0,143841,0
0,74810,0
0,76013,0
0,54700,0
0,73588,0
0,111625,0
0,43460,0
0,52847,0
0,80122,0
0,83015,0
0,225951,0
0,47496,0
0,85365,0
0,11383,0
0,28858,0
0,43981,0
0,80115,0
0,24566,0
0,125553,0
0,61683,0
0,58878,0
0,37239,0
0,76853,0
110000000,39254,299268508
0,72648,0
0,6182,0
500000,42585,0
0,337435,0
0,208309,0
0,147105,0
0,131098,0
0,67273,386749
0,73262,0
0,9345,0
0,61267,0
0,60981,0
0,91391,0
0,172004,0
0,162451,0
0,434973,0
0,440178,0
0,49452,0
0,126732,0
0,35221,0
0,109991,0
0,130650,0
0,131792,0
0,30014,0
0,58732,0
0,133123,0
0,75803,0
24000000,68817,63543328
35000000,60935,28128670
0,53344,0
0,59437,63931
56000,70875,0
0,76543,22321
0,75969,0
0,71933,0
0,27999,0
0,50837,3538446
7000000,71859,6038942
0,69480,0
0,43688,0
0,70009,0
0,10005,0
0,79094,0
75000000,52451,132274484
40000000,49530,173930596
0,70925,0
30000000,18916,0
0,62728,0
0,46724,0
5800000,45013,0
14000000,44754,46495
25000000,72113,27603069
8000000,71677,0
3500000,50839,19504039
0,71821,0
0,37079,0
0,23807,0
0,52297,0
0,85766,0
0,206052,0
5000000,72571,205703818
0,72432,68945
0,71157,20374201
0,45156,1296937
0,61730,0
0,104449,0
0,113105,0
0,70500,0
0,139863,0
0,3966,0
45000000,58233,160078586
35000000,59965,82087155
0,69310,0
25000000,53487,11790979
6500000,76025,17693675
0,43845,0
0,92751,0
0,42696,0
0,138535,0
0,83354,0
0,12838,0
0,22819,0
0,113137,0
0,94623,0
0,123334,0
0,46147,0
0,57602,0
0,86126,0
250000,28687,0
0,140003,0
0,58069,0
0,72172,0
20000000,63492,30426096
50000000,69668,38502340
0,65992,0
0,58511,0
0,27642,0
0,47342,0
0,70670,15699707
0,69735,0
0,126015,0
0,139467,0
0,344741,0
12000000,32909,13380561
0,47273,0
30000000,45610,2527904
750000,77801,0
0,78309,0
0,81315,0
30000000,61891,15395087
0,46934,850994
2500000,62614,0
0,82020,0
0,70196,0
0,56122,0
0,18865,0
0,79031,0
0,72494,0
0,79401,0
0,69217,0
0,61121,0
0,28414,0
0,83147,0
0,18520,0
0,27012,0
0,42605,0
0,22396,0
75000000,59108,152930623
35000000,88794,84606030
0,27769,0
17000000,73499,3696232
0,14127,0
0,49411,0
130000000,17578,371940071
0,60387,0
15000000,74536,0
0,52799,0
0,40658,0
0,39450,0
0,95448,0
0,36261,0
1000000,65229,0
0,25656,0
0,64347,0
0,6360,0
0,38683,0
0,157924,0
0,47189,0
0,52472,0
0,125943,0
0,40592,0
0,149117,0
0,19034,0
0,199072,0
0,65044,0
0,75964,0
170000000,44826,185770160
2000000,50875,841733
36000000,70578,9612469
0,14673,0
1300000,36142,0
584000,109435,0
0,56489,0
0,263600,0
75000000,37958,226904017
79000000,71880,149673788
0,37736,0
0,185292,0
0,75311,0
0,54421,0
0,28629,0
0,31222,0
0,26738,0
19100000,62630,5728213
20000000,70586,2128186
0,84427,0
0,94336,0
0,51994,1126525
0,47099,0
0,121462,0
0,51248,0
0,77365,0
0,75233,0
0,12428,0
0,4790,0
0,17495,0
0,80607,0
0,61985,0
0,53328,90425
0,65831,0
0,72875,0
4000000,60422,355688
0,238616,0
29000000,55292,33662874
0,40350,0
0,43252,0
0,114975,0
8000000,9364,100915
0,48014,0
0,59206,0
0,11403,0
0,47320,0
0,125249,0
0,93560,0
0,4195,0
0,14726,0
0,4809,0
0,181537,0
0,119564,0
0,35543,0
20000000,65057,177243185
250000,60420,3542353
45000000,64328,165184237
0,10109,0
110000000,50619,712171856
0,65002,0
0,107327,0
0,64983,0
0,20859,0
66000000,57212,177584879
45000000,23514,24000000
6400000,75900,35057696
0,89086,0
0,31208,0
0,131914,0
0,405280,0
0,202152,0
0,50036,0
0,296104,0
0,82397,0
0,25922,0
0,64124,0
0,30784,0
0,24185,0
8000,79120,484592
0,46770,0
0,22165,0
0,84473,0
0,83233,0
0,39693,0
0,101124,0
0,61629,0
0,178452,0
0,85677,0
1353676,21244,0
0,68634,0
0,13060,0
300000,76234,0
3062000,70590,25034000
50000000,38407,0
0,125161,0
0,94509,0
10500000,20002,9400000
0,221346,0
0,125700,0
15000000,38336,16810383
5000000,15157,0
0,173456,0
0,39463,0
25000000,30618,0
0,35841,0
0,29879,0
0,74135,0
10000000,53457,17511906
0,17155,0
0,51409,0
0,25834,0
0,47226,7406
0,19305,0
25000000,57431,34942188
40000000,64685,55247881
0,172908,0
0,29932,0
0,28118,0
3200000,45708,0
2000000,26985,0
0,11625,0
0,9369,0
0,9642,0
0,91367,29110
0,79887,0
12000000,75622,972512
130000000,65759,150406466
0,125769,0
6000000,91781,0
0,43444,0
500000,66488,0
0,51052,0
0,77635,0
0,80555,0
0,80046,0
0,52661,0
0,25413,0
0,153102,0
0,182129,0
0,125506,0
0,85639,0
0,37721,0
12500000,56601,3878993
10000000,57585,0
0,91550,0
5000000,62046,3142154
55000000,70074,9489829
100000000,76163,312573423
0,13396,0
0,46020,0
2361000,43546,6892000
0,111607,0
75000000,70160,691210692
0,174593,0
3100000,59457,0
0,38264,0
0,112698,0
0,77381,0
0,87911,0
0,15736,0
250000000,49026,1084939099
0,83229,0
0,36662,0
130000000,49040,276572938
0,1254,0
0,75345,0
125000000,58574,334615000
45202,66150,225861
0,278822,0
0,54157,0
0,26824,0
0,73448,0
0,56801,0
0,25653,0
0,104465,0
7700000,101173,1072602
0,103597,0
0,39287,0
0,22075,0
0,46741,0
0,42450,0
500000,54900,0
0,61896,0
0,83552,0
0,125264,0
0,89456,0
0,118204,0
200000,119425,0
0,17775,0
0,70955,0
0,20186,0
0,99642,0
0,123712,0
12000000,57157,22939027
0,30245,0
15000000,70577,0
56000000,62838,142044638
145000000,56292,694713380
0,262475,0
50000000,74465,120081841
0,40693,0
90000000,65754,232617430
30000000,71469,64626786
0,45320,11000
0,16939,0
75000000,55301,342695435
8000000,73873,5634828
0,52274,12884923
0,378477,0
8000000,51995,0
0,80038,12186625
0,82203,0
13000000,63207,0
0,25688,0
10000000,79777,303877
0,84505,0
0,25915,0
0,111100,0
0,85942,0
0,58192,0
0,52359,0
0,75315,0
0,2349,0
0,46641,400654
0,92464,0
0,24986,0
0,56761,0
0,24833,0
0,53505,0
0,45138,0
0,48153,0
0,36522,0
0,74518,0
1000000,59006,0
0,41066,0
0,53100,0
0,293114,0
0,116537,0
0,118955,0
0,72997,0
0,82698,0
0,73939,0
0,13247,0
0,50393,0
0,71866,0
9000,72766,0
1000000,76487,101758490
0,74523,0
0,76785,0
25000000,77866,63100000
0,14163,19300000
0,74878,0
0,72821,0
0,389854,0
0,43984,0
0,269963,0
0,148503,0
7300000,78461,0
0,75301,286201
0,112655,0
0,63574,0
0,37006,0
0,95538,0
0,184795,0
37000000,62837,95404397
0,63498,0
13000000,71688,114956699
0,39072,0
8000000,15346,0
0,78182,0
0,257608,0
0,81527,0
0,53128,0
0,65233,0
0,73066,0
0,31309,0
0,148353,0
0,33684,0
0,35156,0
0,72721,0
0,162374,0
0,72842,0
0,79465,0
0,79896,0
0,57829,342519
0,42157,0
25000000,57353,0
0,84420,0
0,47383,0
3000000,38541,22000
70000000,52520,160112671
25000000,75174,77278331
42000000,49527,46221189
10000000,55741,0
0,68861,0
0,84407,0
0,124210,0
0,37038,0
0,72313,0
0,8368,0
0,60938,0
0,145594,0
600000,58194,0
23000000,70435,33372606
0,66118,0
0,26283,0
0,260064,0
0,105548,0
0,110139,0
0,94741,0
0,31337,0
0,65760,0
0,74997,0
3500000,75579,0
0,45971,0
0,60364,0
0,28632,0
0,47648,0
0,15044,0
20000000,34179,0
0,35250,0
0,32831,0
0,42990,0
0,65892,0
0,78450,0
0,87408,0
0,82321,0
0,115150,0
0,96888,0
0,102809,0
0,86732,0
0,86081,0
0,123690,0
0,63230,0
3100000,62564,0
0,77560,0
0,56815,0
0,25621,0
0,24870,0
0,25774,0
0,58251,20728
0,125316,0
0,97394,0
0,21613,0
0,40939,0
0,66436,0
0,32169,0
0,70149,0
0,57046,0
750000,27230,0
0,58391,0
0,86457,0
5000000,50357,25562924
0,82269,0
17000000,74998,12355798
0,159615,0
0,54436,0
6000000,71670,0
0,21864,0
0,36865,0
0,28512,0
0,93164,0
0,90770,0
0,71271,0
58000000,72431,50365377
0,73686,5576725
0,43095,0
94000000,76758,95311434
0,45176,0
0,70917,0
0,72186,0
0,42968,0
0,57190,0
13000000,77338,426480871
0,73562,0
40000000,54054,36893721
0,35663,0
0,23340,0
0,96495,0
0,35659,0
15000000,80591,868439
750000,58428,78396
0,142118,0
0,130900,0
0,19235,0
40000000,78698,24719215
0,85949,0
0,122515,0
0,58704,0
0,101520,0
0,70387,0
0,76142,0
5000000,57809,22772019
0,85317,0
0,57343,0
0,43711,0
0,76651,0
0,244115,0
0,52517,0
1000000,50698,0
13000000,48492,51723285
0,118911,0
0,56126,0
0,153845,0
0,409900,0
0,38371,0
0,14224,0
15000000,76726,145000000
17000000,65086,127730736
0,148033,0
0,80125,0
0,107056,0
0,52850,0
0,64678,1406224
0,57400,0
0,93834,0
10000000,67911,0
11000000,66120,807535
0,25058,0
0,42457,0
0,26223,0
0,108688,0
0,192695,0
0,42409,0
0,212713,0
0,75170,0
0,30849,0
0,15167,0
0,13976,0
0,13586,0
0,26118,0
0,79133,0
85000000,59961,208076205
30000000,72570,196114570
0,63749,0
0,49354,0
0,76399,0
0,39276,0
0,94209,0
0,72338,0
0,25143,0
250000,80379,1000000
0,69266,0
0,84797,0
0,75000,0
0,130090,0
0,14205,0
0,29268,0
0,63217,0
0,54146,0
0,288094,0
0,84028,0
0,78480,6581915
0,108222,0
0,125695,0
0,144611,0
0,92670,0
850000,84200,1243961
0,37621,0
20000,99254,0
0,73700,0
0,91181,0
79000000,72545,355692760
0,124847,0
0,86099,0
0,253105,0
0,112485,0
0,51999,908000
0,47763,0
0,16702,0
717000,126016,0
0,83716,0
0,84001,0
0,278458,0
0,79940,0
0,43459,0
0,189076,0
2200000,64029,0
4300000,29483,0
2000000,88491,393816
0,404471,0
0,79362,0
5650000,53174,43000000
0,84259,0
0,71184,0
0,37464,0
0,85988,0
0,84917,0
0,75469,0
0,83732,0
0,215478,0
23000000,30596,5837674
0,75948,0
35000000,81870,0
8000000,29564,0
0,71771,0
4000000,16564,530048
0,110603,0
0,98079,0
0,96771,0
1700000,115656,0
0,14933,0
0,73921,0
0,81111,0
0,106199,0
0,147621,0
0,247500,0
0,29750,0
0,31400,0
0,81716,0
0,140632,0
0,51578,0
0,82762,0
0,70954,176669
0,74471,0
0,108155,0
0,35671,0
57000000,71676,149217355
25000000,77459,0
0,158920,0
0,163937,0
0,178595,0
0,21634,0
0,70374,0
0,44053,0
0,27902,0
0,55802,0
0,186755,0
0,53798,0
0,54507,0
0,59017,0
0,105983,0
0,51875,0
0,73936,0
0,46504,0
0,147886,0
0,80030,0
0,26397,0
0,83860,5355847
0,79890,0
700000,81675,0
0,98096,0
0,59045,0
0,43026,0
15000000,168210,0
0,62116,0
0,70876,0
0,57243,0
0,29694,0
0,52454,0
0,71672,0
0,144454,0
5000000,77495,0
0,55198,0
10000000,71254,0
0,202941,0
0,27709,0
0,53033,0
0,32708,0
0,276220,0
0,36427,0
0,45569,0
0,17790,0
0,15086,0
0,48458,0
0,85883,0
0,25831,0
0,116231,0
0,52264,309973
0,77076,0
0,79707,0
0,79548,18100189
0,184507,0
1000000,72213,34522221
0,17345,0
12000000,57214,100000000
70000000,73723,348840316
0,25228,0
41000000,73937,7448385
0,214349,0
0,399229,0
0,18705,0
12000000,75674,81272766
0,38674,0
0,46813,0
0,82620,0
65000000,59962,156974557
0,53418,0
0,53420,0
0,53410,0
0,53403,0
0,77669,0
0,26642,0
260000000,49529,284139100
0,123320,0
0,53424,0
0,44246,0
0,59974,166770
0,85963,0
0,196784,0
0,119364,0
0,74406,0
0,53414,0
0,53419,0
0,47650,0
0,68450,0
0,79108,0
0,64288,664747
0,167112,0
0,288098,0
2391200,46101,0
0,74387,6483963
0,267197,0
0,178543,0
0,288291,0
0,80184,0
0,52349,0
0,3051,0
0,48373,0
0,47682,0
0,20683,0
4798235,77949,209696
20000000,41411,0
0,45595,852336
0,28524,0
325,92117,0
0,37928,0
0,91010,0
0,216672,0
10000000,63493,610986
0,42507,0
42000000,64688,201585328
10000000,82532,4417580
0,14346,0
0,61020,0
0,261035,0
0,293097,0
0,37942,0
0,25435,0
0,144326,0
0,170936,0
0,64786,0
0,79374,0
20000000,81796,32204030
700000,59421,0
0,70585,0
0,54358,0
4000000,81390,25345000
0,28063,0
0,67748,8452
12000000,61984,11212294
0,52826,0
0,113038,0
7000000,45273,0
0,95675,0
0,36944,0
0,114412,0
0,213938,0
0,273807,0
0,79754,0
0,64108,0
0,99698,0
0,145504,0
0,229670,0
0,42147,0
0,55245,0
0,80304,0
0,56591,0
0,83195,0
0,40056,0
0,48038,0
0,79221,0
0,214857,0
0,80767,2550508
0,82533,0
0,74237,0
0,64992,0
0,61895,0
0,67696,0
0,33569,0
5000000,81025,34564651
0,77553,0
0,35435,0
0,44734,0
0,89191,0
0,158068,0
0,94204,525
150000000,57165,301000000
0,44032,0
0,362758,0
0,96398,0
0,42998,0
0,74308,72689
0,100656,0
0,26881,0
0,75576,0
0,86820,17801
7500000,10679,8135031
0,28533,0
70000,74777,0
0,70845,0
50000000,71552,234989584
0,66895,0
1100000,94329,4105187
30000000,22970,66486080
0,81342,9696204
0,74306,122550
0,87098,0
0,80432,0
0,2929,0
0,72958,0
0,178535,0
0,51991,0
0,251797,0
250000,28136,0
0,43309,0
0,28912,0
0,37586,0
0,256044,0
0,73889,0
0,36228,0
0,37084,0
0,85052,0
0,85050,0
0,39172,0
0,258227,0
0,72551,0
0,85033,0
930000,91070,30905
0,14686,0
0,75132,0
6000,56180,0
2000000,92182,13101672
0,75778,0
0,274325,0
0,42960,0
30000000,76489,54819301
26000000,70436,29657751
0,76346,0
17000000,54271,0
85000000,62764,183018522
209000000,44833,303025485
4500000,50365,0
0,206953,0
0,45993,0
0,206997,0
0,73872,0
0,28715,0
4500000,82327,0
10000000,74534,136836156
0,41120,0
0,58287,0
0,111037,0
0,77881,58840
0,91292,0
0,109979,0
10000000,73211,0
0,40720,0
0,60405,0
0,86455,0
0,91356,0
2000000,63310,0
0,86727,0
1100000,84404,0
0,74447,0
0,18591,0
0,86416,0
0,84660,0
0,255772,0
0,75802,9504139
0,39509,0
0,88609,0
0,84820,0
0,31967,0
0,45347,0
0,121942,0
0,53191,0
0,54081,0
0,37434,0
0,86975,0
0,48646,0
0,138719,0
230,56325,0
0,319656,0
0,37467,0
0,37329,0
30000000,72207,53909751
0,194498,0
0,19757,0
0,85621,0
5000000,61410,0
0,111304,0
0,74402,0
0,68752,0
500000,28891,0
0,25154,0
0,73336,0
0,23281,0
0,328918,0
0,31223,0
0,83330,0
0,70386,0
12000000,67660,96070507
25000000,77877,99357138
0,48008,0
0,145878,0
0,304375,0
0,84569,0
0,242621,0
6400000,17347,2556911
0,43373,0
0,284694,0
0,79042,0
0,73563,0
30000000,72387,40346186
0,106373,0
0,28238,0
0,89287,0
0,105583,0
0,253808,0
0,106605,0
0,91352,0
0,159900,0
0,162284,0
0,61361,0
6600000,57119,37710610
0,148371,0
0,15135,0
0,66125,0
114,88478,0
0,131476,0
0,25799,0
150000000,62213,245527149
0,13486,0
0,84177,0
0,58390,0
0,140781,0
0,89326,0
10000000,92000,0
0,40161,0
0,135686,0
0,77957,0
0,63946,43880
0,82624,0
8000000,59835,0
5000000,92493,0
1100000,50037,0
0,47479,0
0,23683,0
0,79934,0
3000000,73963,0
0,73881,0
0,159907,0
0,200157,0
1250000,26815,0
0,103243,0
0,84496,0
0,111188,0
0,258253,0
0,51823,0
0,61979,0
65000000,76493,179379533
0,80169,0
0,73517,0
0,73600,0
0,37497,0
0,93084,21291
0,28500,0
0,231763,0
0,86850,76398
25412760,14400,0
7000000,48620,0
0,76011,0
0,22683,0
0,132122,0
0,110573,0
0,362151,0
0,288165,0
0,97038,0
0,167408,0
225000000,41154,624026776
170000000,58595,396600000
0,199196,0
0,140036,0
0,122341,0
0,109016,0
0,118131,0
0,86812,0
0,31559,0
10000000,27646,0
1000000,39401,0
0,25121,0
7000000,77561,0
0,93856,18112929
12000000,78206,1428291
0,80742,0
0,161460,0
0,63773,0
60000000,72197,118338361
0,85546,0
19500000,111839,0
0,26864,0
0,94363,0
130000000,70981,403170142
0,111440,0
0,44997,0
0,35691,0
5000000,92591,9206470
0,79990,0
0,101288,0
0,77084,0
0,36334,0
10000000,12645,55089
0,169747,0
0,169022,0
0,86555,0
0,50077,0
4466000,48392,0
0,155953,0
0,106020,0
0,104396,0
35000000,50647,24159934
0,85293,0
0,43598,0
16000000,83666,68263166
0,45054,0
0,72477,957240
1200000,82825,16000000
3500000,103269,0
0,79382,0
0,61296,0
0,80151,0
35000000,80389,0
0,109554,0
10000000,26583,0
20000000,50601,17479
0,45244,0
50000,49830,0
3500000,13640,0
0,44473,0
0,37000,0
0,54484,0
950000,60592,0
0,109379,0
0,169652,0
0,110650,0
0,64836,0
0,25564,0
1400000,61125,0
12468389,85435,29007412
0,79995,0
0,12255,0
0,83723,0
20500000,49014,6063556
1500000,68472,0
40000000,72358,22044277
0,72334,0
14000000,201703,161001698
750000,84332,4007792
145000000,80321,746921274
0,71326,0
0,109018,0
0,64456,0
0,65421,0
0,43337,0
0,68818,623528
125000,84355,3200000
0,20847,0
0,48210,0
0,39144,0
0,39145,0
0,22855,0
2500000,55215,0
0,56191,0
0,48393,0
0,66956,0
0,46469,0
0,116776,0
0,39100,0
185000000,62177,538983207
0,13313,0
0,63193,0
0,379689,0
0,52462,0
0,39101,0
0,13761,0
9000000,86467,8303261
40000000,76494,79700000
17000000,81836,73244881
0,212622,0
69000000,72331,112265139
0,3556,0
0,42621,0
0,89874,0
4600000,44877,1163967
0,195056,0
0,81115,0
10000000,68684,0
0,27550,0
0,92352,0
0,173891,0
0,18150,0
12000000,96399,9622846
12000000,40171,0
0,34494,0
0,86157,0
0,154115,0
75000000,80585,59418613
10000000,88005,9636289
0,13042,0
0,13932,0
0,29860,0
0,48747,0
0,13062,0
0,13933,0
0,44095,0
0,28380,0
50000000,72105,549368315
0,100046,0
0,13927,0
7000000,77930,167221571
0,67619,0
0,39103,0
0,24752,0
0,52639,0
0,151168,0
0,171108,0
0,26974,0
0,24729,0
25000000,83770,8784318
0,50590,0
0,105795,0
0,39104,0
0,34433,0
0,78999,0
0,76333,0
0,95516,0
215000000,1930,752215857
0,378452,0
0,39105,0
0,148811,0
2000000,21506,0
0,86985,0
0,38728,0
0,42226,0
0,23823,0
0,16624,0
95000000,57800,877244782
1800000,84175,21107746
0,46223,0
0,173580,0
0,61111,0
16000000,98548,12434778
0,86664,0
0,71722,0
0,264393,0
0,131653,0
0,200281,0
0,99934,0
45000000,82525,82966152
0,25913,0
0,104997,0
0,155288,0
0,16059,0
0,52311,0
0,86980,0
0,208988,0
0,57346,0
0,66025,330048
0,105567,0
0,11680,0
0,5965,0
0,31218,0
0,13926,0
0,40770,0
0,75810,0
0,59706,0
0,13929,0
1000000,96534,0
0,60003,0
0,103370,0
0,32050,0
0,62289,0
300000,80468,0
12000000,51794,0
0,53804,0
0,31680,0
0,83191,0
68000000,80035,68267862
0,65997,0
0,57215,0
0,193976,0
0,276165,0
8000000,93676,0
8000000,84165,1653792
0,45945,0
0,50053,0
0,279159,0
0,183386,0
0,44125,0
0,43580,0
0,61015,0
10000000,73567,3665069
0,172214,0
0,82877,0
0,44251,0
0,50388,0
0,19575,0
0,39106,0
0,39107,0
0,55184,0
0,148807,0
0,14863,0
0,86593,0
6000000,72843,0
0,78571,540152
0,43852,0
0,43858,0
0,101325,0
0,102431,0
0,16716,0
0,52906,0
0,61539,0
0,13928,0
0,13930,0
0,103332,9128263
125000000,64635,198802074
0,25048,0
0,73943,0
0,55680,0
0,75229,0
1500000,22059,0
0,65035,0
0,32171,0
0,103747,7034007
0,75446,0
6500000,28465,0
0,56909,0
0,37545,0
0,39108,0
0,39323,0
0,73335,0
0,34125,0
0,8736,0
0,16130,0
0,109459,0
0,320917,0
0,35402,0
4500000,80410,0
0,51365,0
0,39324,0
0,18095,0
0,94570,0
11000000,76696,0
0,68143,0
2000000,102630,0
6000000,122924,0
1500000,18443,0
0,155341,0
0,38256,0
32671,58159,0
0,49084,0
0,81436,0
0,105978,0
0,94548,0
3000000,100683,0
1,59296,1378
0,13676,0
0,85593,0
200000000,37724,1108561013
0,131997,0
0,58383,0
0,77287,0
0,20106,0
0,21145,0
0,63988,0
0,77953,104907746
0,116019,0
0,85414,0
30000000,82696,114281051
0,24410,0
0,70872,0
0,38202,0
0,36996,0
0,84327,714544
0,118984,0
6000000,20499,0
0,100910,0
0,45792,0
0,8266,0
0,314070,0
1552334,51190,0
0,50090,0
0,77068,0
0,46888,0
0,49958,0
0,32327,0
0,50696,0
0,133523,0
0,43121,0
0,133373,0
0,71719,0
0,79771,0
0,34800,0
0,21537,0
0,68649,0
0,84383,0
0,126420,0
0,104241,0
8978040,93188,0
0,120271,0
0,75595,0
0,95506,0
0,78263,0
0,38034,0
60000000,77174,107139399
22000000,82650,77112176
0,40572,0
0,208579,0
0,97088,0
0,265579,0
0,36859,0
0,75680,0
0,458428,0
8000000,79224,49000000
0,85836,0
3000000,84203,0
0,84184,3094813
0,293094,0
0,121210,0
0,118013,0
2000000,109513,14400000
0,14196,0
0,109584,0
0,73846,0
0,93934,0
5000000,14128,0
0,83384,0
0,84289,0
0,76360,0
0,1556,0
0,118624,0
35000000,49526,31083599
0,83539,0
0,101482,0
140000,30785,0
0,42152,0
0,71864,51854875
26000000,82633,53676580
1800000,57330,0
5000000,71668,8493728
0,71725,0
3000000,89691,3010
0,31074,0
0,84340,0
0,26556,0
0,202043,0
0,216035,0
0,137625,0
0,90061,0
0,263946,0
0,84334,0
14000000,77883,85446075
10000000,127521,0
0,119698,0
25000000,48034,48531470
0,110491,0
17000000,79694,9627492
0,83540,0
0,108762,0
175000,376394,0
0,263947,0
0,215999,0
0,134012,0
35,191402,0
0,83403,0
0,239368,0
0,39369,0
0,12677,0
0,79034,0
0,27349,0
0,40629,0
0,67429,0
0,83660,0
3000000,84174,11947954
6000000,83686,13231461
0,84344,0
0,53336,0
0,35623,0
0,86785,0
0,27146,0
0,189472,0
17000000,114150,115350426
20000000,77948,16863583
0,84281,0
0,46493,0
0,112090,0
0,85341,0
0,37661,0
0,130458,0
4000000,89708,0
0,67166,0
30000000,59967,47042000
0,84188,319285
0,122080,306
70000000,87428,58058367
87000000,26505,0
0,15895,8890685
0,28218,0
0,97795,0
0,70808,0
400000,81215,0
0,94108,0
0,71827,0
0,149145,0
0,126278,0
2500000,84329,3325038
0,122492,0
0,77461,0
0,84169,181107
0,24421,0
0,82510,0
0,117408,0
0,61854,0
0,96973,0
0,16640,0
65000000,71679,240159255
0,87825,0
0,88075,0
0,89455,1663931
850000,148857,0
0,157903,0
0,43599,0
0,70090,0
0,74103,0
0,84347,0
0,100529,252603
32000000,68722,28258060
0,85339,0
0,191600,0
50000000,49049,41037742
0,179251,0
650000,137145,0
12000000,60599,35485056
1250000,98369,0
0,20069,0
0,42399,3006000
0,129535,0
0,84190,0
0,78464,0
0,97933,0
0,106124,0
0,53909,0
0,64454,0
0,4822,0
0,55723,0
0,67441,0
0,48654,0
10000000,19823,0
0,112973,0
0,38091,0
5000000,122930,0
2300000,128280,0
7000000,77016,48126384
0,52432,0
0,84348,100345
0,47059,0
0,47462,0
13000000,84892,33400000
3800000,103663,16800000
0,103328,641100
0,111174,0
0,115712,0
0,52767,0
250000,91911,23859
2000000,102784,1620436
14000000,88036,24637469
0,68663,0
0,51996,790421
14000000,75638,13551174
0,81830,0
45000000,82675,376141306
12500000,82390,1353868
0,101803,0
0,83589,0
0,38719,0
0,76703,0
100,97310,0
0,17165,0
0,223195,0
0,270372,0
0,148408,0
0,255948,0
0,128203,0
8000000,88273,7594693
6900000,82505,44287131
1000000,128564,0
0,5422,0
0,86703,0
0,83670,0
0,127700,0
0,42203,0
0,45397,0
2500000,126509,33400000
0,77462,0
0,85735,0
0,91913,0
6965576,83801,0
0,79172,0
0,104557,0
0,64071,0
0,168217,0
18200000,86597,0
9500000,110160,12250
0,101731,102388
0,74830,0
947000,82096,1120000
11000000,80271,0
0,64897,0
0,105348,0
0,110146,0
0,142585,0
0,84342,288312
0,15936,0
0,104306,0
0,75318,0
15400000,97365,25762027
0,131360,0
0,124597,0
0,42628,0
0,124423,0
0,81678,0
0,41996,0
0,103640,0
0,10089,0
0,123359,4534
6000000,84577,0
16600000,70667,0
12000000,101267,32726956
1000000,130717,0
0,57230,0
0,43687,0
0,134738,0
0,71720,0
0,135312,0
0,170263,0
0,197726,0
0,100085,0
0,370044,0
0,76960,0
0,273029,0
0,53898,0
0,77269,0
0,112678,0
0,170517,0
0,110336,0
0,91250,0
0,131671,0
0,262243,0
0,537,0
0,84180,0
0,47405,0
0,135547,0
0,90125,0
39000000,62214,35287788
0,15004,0
0,61372,0
0,151232,0
0,161456,0
3000000,82507,77712439
0,288121,0
0,197733,0
0,92171,0
200000,13830,0
0,64291,0
8000000,38753,0
0,102639,0
85000000,76492,358375603
0,207459,0
0,110354,0
0,69778,0
0,196738,0
0,283101,0
0,288421,0
0,292547,0
797681,16387,0
0,97683,0
0,33390,0
0,33391,0
0,39062,715
0,109600,0
0,49971,0
0,40709,0
0,48202,0
0,71723,0
0,34078,0
0,30953,0
0,35253,0
44500000,68734,232324128
15000000,86838,19422261
0,84317,24995
0,79697,175706
0,134371,0
170000,109843,0
0,84306,327345
0,40075,0
0,80059,0
0,39779,0
0,340543,0
0,86726,0
0,116463,0
0,38280,0
0,99579,0
0,72391,0
0,84284,0
0,84351,0
0,18112,0
0,105210,0
0,78604,0
0,57722,0
0,131837,0
0,89723,0
30000000,57089,13521829
0,95503,0
500000,49250,0
7000000,75736,0
0,202973,0
0,27543,0
10000000,122928,0
0,108512,0
0,149190,0
0,45000,0
0,50950,0
0,288105,0
0,288413,0
0,98303,0
0,55327,0
0,32904,0
0,82642,0
0,50845,0
0,95508,0
0,91122,0
0,84286,0
0,80280,10158000
0,110525,0
1400000,117691,4100000
2000000,122804,0
0,27480,0
5000000,82618,0
61000000,99770,0
0,72479,0
0,106016,0
0,116167,0
0,292975,0
0,43172,0
0,60985,3777141
0,49846,0
0,97690,0
0,135368,0
5000000,82485,0
0,9736,0
5000000,82990,142817992
1951964,135161,0
0,59897,10530000
650000,99650,0
0,121823,0
0,66893,0
0,42712,0
0,98066,0
0,86759,0
0,71261,0
0,6078,0
0,75244,0
0,48770,0
0,94104,0
45000000,94348,30353232
0,84172,0
102000000,83542,130482868
0,171961,0
0,72867,0
0,288122,0
0,17216,0
0,108901,0
0,105942,0
0,85741,0
0,133557,0
0,91030,0
0,89638,0
500000,17375,0
20000000,61012,52302796
0,288193,0
0,288037,0
0,27420,0
5000000,26233,0
0,24863,0
2500000,43937,352810
0,149763,0
0,86983,0
4000000,41530,0
0,61997,0
0,164753,0
0,37635,0
0,174946,0
0,72245,0
0,128158,148671
0,43761,0
0,82684,0
0,117266,0
0,87826,73100172
0,262988,0
0,181628,0
0,288298,0
0,51911,0
0,127756,0
0,126797,0
15000000,64689,37930465
0,84287,0
0,84318,0
1000000,113947,9138338
0,288117,0
0,288295,0
0,288284,0
0,56558,0
0,88912,0
0,39814,0
0,65049,0
0,80048,0
0,128248,0
0,128639,0
0,71730,0
500000,84341,376597
0,24385,0
0,13078,44852
0,172474,0
165000000,82690,471222889
17000000,47878,946461
0,27058,0
0,82663,
/ff9qCepilowshEtG2GYWwzt2bs4.jpg,1997-08-20,
21000000,82693,205738714
31000000,87502,161772375
0,84170,0
0,96724,68929150
120000000,87827,609016565
0,74545,0
0,84226,0
0,132185,0
15000000,97430,15608545
0,85544,0
0,288438,0
0,84194,0
0,125623,0
30000000,118957,0
17000000,46429,0
600000,45961,0
0,119639,0
0,26405,0
0,82631,5310554
0,123105,30668
0,102640,0
0,133458,0
0,138122,0
0,84308,0
2000000,35683,0
0,286267,0
0,135647,0
0,105531,0
0,121879,1562546
0,13391,0
2500000,79070,3358
0,110540,0
0,24617,0
0,63957,0
500,34004,0
0,77878,3759582
0,32694,0
0,88564,0
0,14720,0
0,19139,0
35000000,127493,2106557
8900000,86837,29844753
0,109516,0
0,98631,0
0,95808,0
0,62580,0
0,20528,0
0,38030,0
0,73646,0
500000,40343,0
0,42939,0
0,65851,0
0,19794,0
0,114606,0
0,84166,0
0,52001,0
31000000,121602,0
0,58790,0
5000000,78049,0
2500000,12594,0
0,80215,0
3500000,123025,0
0,121793,0
0,43652,0
5000000,56928,31649
0,82911,0
0,149586,0
0,45585,0
65000000,72976,275293450
0,135708,0
0,137429,0
0,53354,0
0,68280,0
0,110253,0
0,132961,0
16000000,73935,0
0,37343,0
0,126056,0
0,91549,3838
28000,144271,0
0,84288,0
0,135718,0
0,51956,0
120000000,50620,829000000
0,105586,0
0,120676,0
0,82099,0
0,16276,0
0,63172,0
0,59517,0
0,58547,201146
0,84323,0
65000000,60747,44806783
0,85878,0
145000000,81188,306941670
0,45314,0
0,59434,0
0,25746,0
0,49363,0
0,108282,0
0,156180,0
8000000,13678,0
0,62012,0
0,13728,0
0,101519,0
0,22969,0
0,50675,0
0,32070,0
0,114958,0
0,338853,0
12000000,97614,66351
0,16277,0
0,98536,0
0,245984,0
0,190407,0
0,83098,0
0,185147,0
0,129609,0
0,288111,0
0,288146,0
0,217724,0
0,30998,0
0,43363,0
0,51389,0
0,249264,0
0,84326,0
0,16016,0
10000000,102780,89237
1000000,112136,0
0,91930,0
12500000,119431,0
33000000,85446,140470746
0,89702,0
0,62069,0
350000,70584,0
0,135313,0
0,288293,0
0,285594,0
0,94480,0
0,24409,0
0,62720,0
4275000,75204,0
0,48161,0
0,328712,0
0,114490,0
0,288292,0
0,288296,0
0,238397,0
0,82781,0
0,144784,0
0,82685,0
0,38716,0
0,130002,0
0,53778,0
0,104859,0
0,80440,0
0,185934,0
0,229610,0
0,31621,0
0,119916,0
0,18666,0
0,46111,0
0,40829,0
0,46114,0
0,4311,0
0,33360,0
0,10792,0
0,70863,0
0,82708,0
0,143800,0
0,140420,0
0,18758,0
0,18735,0
0,19274,0
0,46124,0
0,18867,0
1,220106,0
0,26152,0
0,13679,0
0,51594,0
0,26168,0
0,67079,0
0,28790,0
0,232005,0
0,21317,0
0,94380,0
0,49522,0
0,125504,0
0,40900,0
0,38425,0
0,18741,0
0,91333,0
0,57529,0
0,98545,539896
0,152795,455815
0,294261,0
2000000,139325,0
0,112336,23570541
0,96821,0
0,45006,0
0,93289,0
0,104718,0
0,80220,0
0,128637,0
0,83389,0
0,71883,0
0,259292,0
0,43157,0
0,97598,0
0,55615,0
0,197752,0
0,288168,0
0,61591,0
0,25539,0
0,44594,0
3100000,135225,0
0,85525,11
0,10044,0
9023199,18707,0
0,125409,0
0,64362,0
0,81850,0
0,34280,0
0,146405,0
0,397339,0
30000000,76349,108348
0,45682,0
0,10275,16157801
0,37030,3554460
0,80387,0
0,36960,0
10000000,37032,0
0,81179,0
0,147829,0
0,142051,0
0,88284,4129250
0,110392,0
0,38769,0
0,200447,0
0,77012,0
250000000,49051,1021103568
0,288290,0
0,288259,0
0,288288,0
0,15770,0
0,35038,0
0,20811,8096542
0,10852,0
0,127916,0
0,87504,8887603
26350000,84305,1576687
0,48599,0
0,76297,0
13000000,106135,1832541
0,18725,0
0,31027,0
12000000,10620,0
0,10616,0
0,411432,0
0,40004,0
0,63481,0
0,40722,0
0,83738,0
0,80717,0
0,76609,0
0,8941,0
0,64074,0
0,197723,0
0,269797,0
500000,117629,116207
0,288101,0
0,76800,0
0,147590,0
0,138357,0
0,65515,0
4437508,127501,2804874
0,279852,0
40000000,97630,132820716
0,97989,0
0,130445,0
0,84185,1328467
2400000,125490,0
0,160,0
23000000,11540,0
7500000,37653,0
0,26656,0
3000000,121147,0
0,84636,0
0,116800,0
0,122336,0
20000000,139567,4636169
35000000,82654,116980662
0,94583,0
0,16221,0
0,149172,0
0,96648,0
0,38414,0
0,19099,0
0,83186,0
0,84354,0
0,85542,0
25000000,44560,0
0,116979,0
0,66722,0
0,46280,0
64000,28733,0
0,84187,0
0,56338,0
0,64792,0
0,27116,0
0,43895,0
35000000,77875,0
0,43268,0
0,13471,0
0,36172,0
0,71378,0
40000000,82687,41863726
0,29722,0
0,84333,0
60000000,75780,218340595
100000000,68718,425368238
35000000,89492,88058786
0,99106,0
0,41153,0
0,42532,0
0,70410,0
0,64876,0
2000000,44470,0
0,94352,34153101
42000000,80278,180274123
0,86778,0
61000000,82695,441809770
0,39987,0
0,85652,0
0,114104,0
0,87440,22930
0,151870,0
0,44732,0
0,16315,0
0,78550,0
0,30587,0
20000000,128270,610792
11000000,121826,59520298
0,139455,14567
0,63517,0
0,14419,0
0,35818,0
0,22752,0
0,46564,0
56000,66745,0
0,135390,0
0,65904,0
0,89593,0
0,46159,0
0,27597,0
0,38727,0
0,98232,0
0,61658,0
0,43767,0
0,97051,0
0,98886,0
0,31551,0
0,242378,0
0,81303,0
0,118683,0
0,98932,0
0,28751,0
0,55952,0
0,57597,0
0,235271,0
0,50177,0
0,47953,0
0,154792,0
0,63171,0
0,95511,0
0,22379,0
0,115400,0
0,130736,0
0,24446,0
0,44244,0
5773100,41592,18144030
0,48490,0
1750000,89481,0
0,73283,0
0,18038,0
0,161273,0
0,177522,0
0,30252,0
0,86819,0
0,74726,0
25000000,88042,119772232
0,104732,0
0,63147,0
0,75761,0
0,81515,0
0,50081,7732325
0,41487,0
0,83479,0
0,81899,0
300000,100532,0
0,100825,0
0,124067,273747
0,134597,6842058
0,125136,0
0,99223,0
0,86304,0
0,288109,0
0,105790,0
0,98065,0
0,85549,0
0,237983,0
0,27408,0
0,20224,0
0,106344,0
0,94135,0
0,77775,0
0,72678,0
0,57307,0
0,35436,0
8000000,112304,0
0,127533,61700000
0,193380,0
0,97605,0
0,115241,0
0,104155,0
0,4412,0
0,132654,0
0,98262,0
0,172413,0
0,288128,0
0,44165,0
0,50021,0
15000000,133694,8138788
0,91795,0
2000000,122044,0
0,139909,0
0,33303,0
400000,4910,0
0,20513,0
0,169836,0
0,51511,0
500000,71208,0
0,34905,0
0,103516,0
0,76421,0
0,69162,0
3730500,116613,6294161
2840000,118628,11620000
0,38010,0
0,324173,0
0,36257,0
0,100450,0
0,87531,0
0,102699,0
0,151826,0
0,134132,0
0,31022,0
0,83215,0
0,469172,0
0,127901,0
0,45360,18
0,132923,0
0,138376,5750
0,135545,0
0,4171,0
0,48742,0
0,115276,0
0,143247,0
0,92662,0
0,74549,0
0,44668,0
0,135678,0
20000000,76617,47241945
0,170178,0
0,135200,0
60000000,82682,105200903
13650000,147405,0
0,22066,0
0,46016,0
0,26467,0
0,46500,0
0,87496,19633027
0,90122,0
12000000,98339,2521
10000,39458,0
20000000,68812,1969193
0,46953,0
0,86632,0
0,92681,0
0,79528,0
0,147538,0
0,19844,0
2500000,139038,60141683
0,66193,0
0,60917,0
0,85533,0
0,140668,0
0,38138,0
0,114994,0
0,99877,0
0,97610,0
3500000,142061,0
0,124167,0
0,103740,124919
0,115223,0
0,88557,0
0,63146,0
0,53445,0
0,100592,0
0,93087,0
0,102000,0
0,124074,0
0,135921,0
0,41604,0
0,105538,0
0,33331,0
0,31046,0
0,30347,0
0,26114,0
0,106541,0
0,43263,0
0,59238,0
0,110148,0
0,82639,0
54166,79983,0
0,29630,0
0,128644,0
0,14078,0
0,134673,2293798
0,32168,0
30000000,76640,0
15000000,132232,146497771
0,15932,0
100000,145197,444098
0,152570,0
0,105676,0
0,66720,0
0,91552,0
3000000,100183,0
0,458961,0
0,84834,0
0,162678,0
56000000,98357,19701164
0,23976,26042
0,47713,0
0,89501,0
0,121872,1005700
0,70404,0
0,84309,0
0,85543,0
6300000,84336,419953
0,53567,0
0,114779,0
0,52480,0
0,84839,0
0,97353,0
0,102947,0
0,98551,0
0,59197,0
0,131220,0
0,28101,0
0,84290,0
0,90603,0
0,83443,0
0,137285,0
0,83588,0
0,72317,0
0,71768,0
0,62403,0
0,68178,0
0,367678,0
0,84328,0
0,70753,0
0,53861,0
3550000,77117,48000000
25500000,94047,0
0,85872,306724
0,47863,0
0,159203,0
0,54075,0
0,26005,0
0,43753,0
0,121455,0
6000000,87818,32438988
0,118424,0
1300000,24925,0
0,100747,0
6500000,156717,0
0,171859,0
0,124414,0
0,81634,0
0,160989,0
0,128190,0
35000000,119283,46216641
0,94356,0
0,91186,2802459
0,79404,0
0,84191,8326
0,118557,0
0,288151,0
19000,83125,0
0,76686,0
0,117974,61782
0,28830,0
50000000,60304,224803475
0,20088,0
0,103667,0
400000,109520,0
0,44450,0
0,39750,0
13400000,70829,16700000
0,106591,0
0,91679,0
0,129728,0
0,215012,0
0,109475,0
0,146837,0
0,31147,0
0,14614,0
0,41863,0
0,19336,0
0,24105,0
0,111949,0
0,105678,0
0,118677,0
0,74397,0
0,91422,0
0,51071,0
0,76848,0
6500000,87499,2401510
0,144680,0
0,36628,0
0,42452,0
0,50006,0
0,33301,0
0,50076,0
0,126300,0
0,138574,0
0,114962,0
0,172003,0
0,131434,0
0,56919,0
0,127864,279735
0,82520,0
0,93858,0
0,127505,14056
900000,89750,25000
0,114562,44689
0,334317,0
0,281007,0
1400000,57436,0
0,39936,0
60000000,58244,8106475
0,162145,0
0,18912,0
0,33735,0
0,93715,0
0,36931,0
0,271504,0
4000000,81446,0
0,83890,134634
0,121824,0
0,70793,0
0,257604,0
0,123648,0
0,125541,0
0,45316,0
0,20302,0
0,34843,0
0,110398,2341226
0,142650,0
0,90369,0
0,150202,0
100,97724,0
0,13648,0
0,133823,0
0,40767,0
0,33786,0
0,78128,0
30000000,109421,63372757
0,121598,884100
7500000,147815,0
35000000,109431,173965010
0,24578,0
0,257176,0
0,87436,21660
0,178806,0
0,36244,0
0,270002,0
0,133121,0
0,47219,0
0,177155,0
0,51590,0
0,207655,0
0,13946,0
0,60011,0
0,127918,0
0,124461,0
0,121835,0
1800000,167179,0
0,136553,0
0,119010,0
0,67701,0
10000000,17577,0
13000000,46541,0
0,59005,0
0,131799,0
0,233204,0
48000000,98567,0
0,161303,0
0,127370,1697294
60000000,109491,60052138
0,53031,0
0,115834,0
0,64335,0
0,44946,0
92000000,47964,304654182
0,103205,0
0,37348,0
13000000,107811,48065672
0,36079,0
0,44065,0
0,97514,0
0,98205,0
0,130750,0
0,123398,0
28000000,112949,97594140
4000000,85545,911466
0,288430,0
348164,160220,0
0,134481,0
1000000,123678,444575
0,144465,0
0,46226,0
0,56991,0
0,58891,0
0,70051,0
0,53657,0
0,158262,0
11500000,122857,1402307
0,84330,0
0,141419,0
0,34061,0
0,39536,0
0,126122,0
0,180705,0
86,163845,0
40000000,68179,74597643
700000,161187,0
0,44220,0
200,58235,0
0,241568,0
0,359353,0
0,311998,0
0,74935,0
0,61382,0
0,60993,0
3000000,132344,11176469
0,89008,366377
0,103161,0
0,59912,0
0,38510,0
0,55204,0
0,134215,0
0,114478,0
0,36096,0
0,136080,0
35000000,134411,42930462
0,257716,0
0,55167,0
0,37984,0
0,50275,34664
0,205864,0
2,70546,0
3500000,145135,25174316
0,13442,0
0,155941,0
0,73293,0
0,99480,0
0,133783,0
300000,130739,2750275
0,170657,0
0,156937,0
0,14591,0
0,56744,0
4000000,28090,0
0,236035,0
0,128682,0
0,56508,0
0,126132,0
0,159480,0
0,24479,0
0,203329,0
0,67556,0
0,90228,0
0,143796,0
195000000,81005,197687603
0,85502,0
5000000,146203,15179302
0,103162,21350
0,86244,0
0,53399,0
0,129112,1347747
0,59255,0
0,43650,0
130000000,72559,371876278
0,71325,0
0,74052,0
12000000,86825,12077441
10000000,152259,1034589
0,139244,0
0,138906,0
0,157117,0
200000000,68728,491868548
0,9834,0
0,28485,594947
0,14850,0
0,82866,0
0,102362,18074539
135000000,49519,585178928
0,148820,0
0,159412,0
0,143946,0
0,44158,0
0,85039,0
0,82079,0
0,72841,0
5000000,133183,0
0,42455,0
0,17728,0
0,80709,0
0,180016,0
0,70121,0
5000000,59883,0
0,26883,0
0,136403,0
0,71809,0
0,159414,0
0,160324,0
0,88812,0
0,127372,3346265
0,60534,0
0,140443,0
0,4868,0
0,268674,0
0,127962,0
225000,139948,111300
5000000,93394,0
0,44114,0
0,51853,0
0,68443,0
0,80890,0
0,190167,0
0,89924,0
0,29103,0
0,95775,0
0,103734,0
0,101557,0
0,158386,0
0,440145,0
0,89185,0
0,35558,0
0,81250,0
260,140697,0
4000000,117978,0
0,150117,28234657
30000000,124459,27437881
5000000,122081,31724284
0,30198,0
0,62301,0
0,81225,0
0,126186,0
5000000,144789,11724119
0,80437,0
0,150211,0
0,169730,0
0,103198,0
0,40859,0
0,72882,0
0,40878,0
0,206266,0
0,158238,0
0,41030,0
0,49353,0
0,84173,0
1970000,123964,0
0,41156,0
0,31131,0
13000000,158011,68572378
70000000,117263,161025640
0,152992,0
0,148357,0
0,156268,228
0,96088,0
0,109425,0
0,107250,0
0,210621,0
0,130816,0
0,134806,0
0,23524,0
120000,116059,0
0,68047,0
0,84316,0
0,84199,0
0,55892,0
0,140846,0
0,167305,0
0,94551,0
0,188524,0
0,126748,0
0,247695,0
0,62130,0
0,119001,0
0,43550,0
0,30631,0
0,20016,0
0,55861,0
0,25038,0
0,146313,0
0,189364,0
0,179668,0
0,46972,0
0,128748,0
0,281583,0
0,198146,0
0,34496,0
5000000,117923,0
0,121875,11879046
0,109416,0
0,120399,0
0,100814,0
0,45562,0
15000000,97367,35485608
0,78215,704
0,127867,0
0,173153,0
1000000,75626,0
0,51249,0
0,96999,0
44000000,72710,63327201
1000000,54328,0
1000000,83735,0
0,59419,0
0,119634,0
0,58197,0
0,70736,0
3000000,96404,0
2000000,59441,0
6000000,65650,5206
0,77880,0
13000000,144340,18000000
0,62878,0
0,160660,0
431274,131822,0
0,20989,0
0,142989,0
0,219302,0
7100000,17501,0
0,18034,0
0,111667,0
0,116466,0
0,96535,0
0,23790,0
0,34601,0
3900000,60579,4900000
0,5686,0
0,26547,0
0,18843,0
0,28067,0
0,189359,0
0,19809,0
0,75720,0
0,158739,0
0,127509,0
0,111098,0
0,63840,0
0,136698,0
500000,55144,0
0,127544,0
0,91694,0
0,54356,0
0,14607,0
0,148034,0
0,25516,0
0,55663,0
0,31389,0
0,87090,0
0,79816,0
0,51355,0
17000000,109428,97542952
20000000,68727,24261569
0,3146,0
0,102524,0
0,224992,0
0,54093,0
8500000,93828,9747
0,128136,45250
0,133698,0
0,58483,0
0,173294,0
0,81619,0
0,40798,0
0,85449,0
0,158231,0
0,57993,0
0,64875,0
1200000,44895,1404
0,25290,0
0,3052,0
0,412109,0
0,84171,0
0,51167,0
0,152938,0
0,81579,0
0,44671,0
0,89049,0
0,124080,0
0,54994,0
0,202132,0
120000000,75612,286168572
0,100089,0
0,92484,0
0,55956,0
0,171337,0
25000000,59963,432274
0,198001,0
110,84179,0
0,60281,587615
40000000,109410,95020213
0,293089,0
0,85510,0
700000,86577,0
0,125140,0
0,417399,0
0,62325,0
0,76809,0
0,117534,0
0,24527,0
0,60573,0
0,43314,0
0,34269,0
0,96090,0
5500000,126250,10016934
0,140448,0
0,78056,0
0,103707,0
0,32599,0
0,149469,0
0,110420,0
0,50221,4542
0,62472,0
0,56419,0
0,37757,0
10000000,127517,3428048
0,186606,0
0,46451,0
0,81623,0
0,65646,0
0,43023,0
0,43113,0
20000000,4258,78378744
2270000,40864,0
0,102001,0
0,13647,5300000
0,63686,3100000
0,78432,0
0,42699,0
0,92837,0
25000000,134374,86175291
3000000,74394,0
0,80384,0
0,71508,0
0,29886,0
0,31664,0
0,169934,0
0,15257,0
0,30675,7000000
0,137563,125
1200000,176124,2861020
0,121606,0
0,84204,0
12000000,106021,0
0,25693,0
0,97767,0
0,76589,0
0,229768,0
3860000,44865,64076736
0,44692,0
0,82106,0
0,110830,0
0,183015,0
0,179179,0
0,221656,0
0,50787,0
0,24133,0
0,55524,0
0,36549,0
0,130804,0
32000000,109414,126041322
200000000,68721,1215439994
0,18089,0
5000000,42603,0
0,128201,0
0,38453,0
0,19688,0
0,166076,2915767
0,118636,0
0,36229,0
10000000,77234,0
0,174321,104810
6000000,179154,0
6200000,91073,4820000
40000000,77221,5446000
0,56584,0
0,23705,0
0,57849,0
8000000,20181,0
0,2966,0
0,156306,0
10000000,103731,21587700
0,82662,0
0,42587,25
0,32100,0
0,19989,0
0,96279,0
0,109669,0
0,25117,0
0,66209,0
0,64272,0
0,52225,0
0,70057,0
0,88176,0
0,159011,0
0,110272,0
2000000,95755,0
0,74257,0
0,58954,0
0,19156,0
0,26693,0
0,36917,0
0,56763,0
0,31700,0
180000,101501,175742
83000000,165739,0
0,53101,0
0,25272,0
0,106849,0
0,172631,0
0,105787,0
0,53619,0
0,139463,0
0,127728,0
0,98541,0
0,48254,0
0,106851,0
0,53197,0
0,112823,0
0,108419,0
0,40852,0
0,45736,0
0,149961,0
0,64988,0
0,68761,0
0,14921,0
2500000,94901,3003
2000000,60540,0
0,77439,0
0,19568,0
0,109962,0
75000,191024,0
0,27699,0
0,101297,0
0,21522,0
6000000,72525,0
0,39889,0
11000000,11119,0
0,82501,0
0,183171,0
0,86023,0
105000000,64682,351040419
0,26293,0
34000,100224,0
0,124085,0
0,104871,0
0,128847,0
0,61904,0
0,8768,0
0,31560,0
0,31715,0
0,137474,0
0,84391,0
190000000,54138,467365246
0,72834,0
0,208700,0
3,118059,0
0,166773,0
3500000,278111,0
0,137499,0
0,60270,0
0,39319,0
0,123431,0
58000000,116741,44000000
0,23112,0
30000,48227,0
0,83664,0
0,82594,0
0,55576,0
0,235373,0
0,28258,0
0,39386,0
0,42601,0
0,21862,0
0,149101,0
0,155596,0
0,149155,0
0,37269,0
0,458,0
0,106388,0
0,134397,0
0,74460,0
0,139933,14752
0,128216,0
0,16150,0
0,39333,0
0,41738,0
0,27861,0
0,97686,0
0,38875,0
0,156236,10759874
0,168676,0
0,64143,0
0,20803,0
0,194668,0
0,133082,0
0,83382,0
5000000,83900,0
4800000,77987,10337387
103000000,109439,362000072
0,81576,0
160000000,82992,788679850
100000000,116711,268426634
0,197467,0
0,44357,0
0,86282,0
0,84038,0
0,2077,0
0,197481,0
0,54120,0
11000000,152780,10631747
500000,44546,0
31192,42151,10000
0,26146,0
0,95771,0
0,55657,0
0,43357,0
0,119933,0
0,28424,0
0,137182,5475058
0,118931,0
0,121725,0
500000,100493,0
0,121986,4069826
1500000,104755,1165882
0,18146,0
0,70757,0
0,94841,0
23000000,119675,15600000
0,128873,0
0,130824,0
1500000,81534,0
0,60152,0
0,39193,0
0,293552,0
0,106263,0
0,189650,0
1800000,80034,0
0,108235,0
0,86843,0
2000000,123103,58510
0,166666,0
0,167658,0
0,219781,0
0,176182,0
0,51856,0
0,109455,0
0,84302,0
0,90873,0
130000000,82700,243843127
0,49343,0
0,185291,0
0,111172,0
0,99453,0
0,28271,0
0,53405,0
75000000,75656,117698894
10000000,77805,1585582
0,160758,0
500000,54894,0
0,68297,0
0,22911,0
0,194121,0
0,184125,0
0,118737,0
10000000,74513,10759
0,103970,0
0,38540,0
0,94326,0
0,43938,25
0,85431,0
0,32596,0
0,42714,0
0,124227,0
0,63212,0
0,40226,0
0,313972,0
0,97609,0
0,387042,0
0,176339,0
0,63923,0
500000,133463,1000000
0,57981,0
0,92620,0
0,116811,0
4600000,147773,23198652
0,101998,0
0,102331,0
0,183672,0
0,34977,0
0,127884,0
0,143567,0
0,111083,0
0,72660,0
0,91739,0
0,105526,0
12000,56500,0
0,50158,0
0,53392,0
225000000,49521,662845518
0,53411,0
0,156700,0
0,65521,0
2640000,85047,0
35000000,87567,21819348
0,128215,0
0,121873,717205
0,75945,0
0,121446,0
0,144481,0
0,233805,0
3000000,158015,89328627
0,182499,0
0,79201,0
0,121677,519535
0,174188,0
0,97562,0
0,135317,0
0,51844,0
0,40244,0
0,52034,0
1000000,159014,0
0,84765,0
500000,25111,0
0,194099,0
0,91334,0
0,105965,0
0,39279,0
0,224600,0
0,250625,0
15000000,96936,19145732
0,6636,0
200000000,62211,743559607
0,388046,0
0,192538,641
0,112161,0
0,88057,0
0,51795,0
0,160085,0
0,104739,0
0,131478,0
0,167494,0
0,119838,0
0,35862,0
0,39544,0
0,96599,0
0,68556,0
0,84198,0
0,80518,7401480
750000,201485,0
6000000,103620,31081
0,120292,0
0,128124,0
0,108726,0
180000000,68726,407602906
0,177271,0
13500000,152742,19255873
0,138907,0
0,141955,0
0,118998,0
0,53928,0
200000000,72190,531865000
115000000,68724,286140700
0,159004,0
0,82134,0
0,41586,0
0,59584,0
2000000,126337,0
0,38178,0
0,39982,0
0,159154,602042
6000000,127373,1066471
0,31221,0
3774400,185562,0
0,106049,0
0,58293,0
0,262528,0
0,137037,0
0,125374,0
0,126277,0
0,130358,0
6800000,199687,0
125687,174772,0
0,67272,0
27000000,179826,0
0,180050,0
0,101449,0
0,42527,0
0,120303,0
0,153420,0
0,55655,0
0,83342,0
76000000,93456,970761885
150000000,117251,205366737
20000000,107985,46089287
0,118690,0
0,119916,0
0,139329,311
0,93649,0
20000000,136418,8352885
0,167726,0
0,86410,0
43000000,136795,158674180
0,128276,0
0,120555,0
1850000,44646,0
255000000,57201,89289910
15000000,121936,0
0,80597,0
0,193878,0
0,25789,0
0,80368,0
0,117377,0
0,117530,0
0,31460,0
0,114761,0
0,151085,0
0,72140,0
0,120892,0
0,35381,0
0,124157,83519699
0,81167,0
0,77449,0
30000000,109099,0
0,159032,0
0,29751,0
0,44909,0
0,30654,0
6075000,127872,0
0,38429,0
0,124071,0
0,82447,0
0,155055,0
0,24935,0
0,159117,21833
0,24939,0
5000000,45556,0
0,159005,0
0,119844,0
0,136386,0
0,141733,0
0,43562,0
0,359010,0
0,36796,0
0,26018,0
0,20223,0
0,19506,0
0,22765,0
100000,57209,0
0,108209,0
2500000,157386,6854611
0,112200,1065881
0,157375,0
0,154779,0
0,132064,0
0,112198,0
0,439056,0
0,127846,0
0,179270,0
0,45875,0
0,193346,0
0,159166,0
0,91063,0
0,116340,0
0,173210,0
0,157115,0
0,181649,0
7000000,199327,0
0,126523,0
1000000,205321,0
0,106848,0
0,61330,0
0,178946,0
0,60824,0
0,111969,81071
0,30963,0
0,61198,40836
0,404211,0
0,24646,0
2000000,5898,0
0,157354,17385830
520,173914,0
0,116432,0
0,247749,0
0,64519,0
0,101609,0
0,132939,0
4600000,206324,25000000
0,206851,0
0,29345,858591
10000000,133339,0
40000000,149085,0
0,30183,0
130000000,49524,61648500
0,41180,0
3500000,183011,0
0,62441,0
0,197602,0
0,182127,37884
5000000,199420,0
0,77663,39881
0,129507,0
0,260156,0
0,100287,0
0,77173,0
0,119928,0
0,179111,32846
13000000,138843,318000141
0,28698,0
0,31122,0
500000,54320,0
0,51481,0
16000000,178809,0
2500000,79699,0
0,23431,0
0,172847,0
0,39308,0
0,43980,0
0,5646,0
0,209204,0
0,103173,0
0,87245,0
0,174322,0
0,216755,0
135000000,77950,282570682
0,42871,0
0,173980,0
120000000,76170,415440673
250000,191231,0
859314,17303,0
0,192990,0
0,81581,0
0,159344,0
0,75878,0
0,23368,0
0,47089,0
0,159138,0
0,172533,343341
0,123261,0
2500000,159092,0
84000000,146216,0
0,59558,0
0,177221,0
0,198062,0
0,19593,0
0,47404,0
0,180948,0
0,120393,0
0,284231,0
0,66753,0
1,46729,0
0,115046,0
0,62843,0
0,117209,0
2177870,144570,0
0,76043,0
0,165213,0
0,188468,0
0,58291,0
0,79850,0
10000000,192126,0
7700000,160139,0
0,117856,0
0,65435,0
2000000,27957,13500000
2,83566,0
0,173938,0
0,138308,0
61000000,136400,131940411
500000,127905,0
0,125164,0
15000000,77728,0
0,17275,0
0,238748,0
0,74310,0
2200000,151743,208000000
0,168138,0
0,157016,0
0,85984,0
0,89325,0
18000000,160588,99206215
0,153738,0
12400000,179144,8371085
0,31354,0
0,28173,0
0,102867,0
250000,109729,56825
0,26622,0
0,77664,402539
0,205798,0
0,43167,0
0,11144,0
0,11614,0
0,58447,0
0,211587,0
0,244447,0
0,22924,0
0,205005,0
0,121831,0
0,191619,0
0,44796,0
0,19154,0
0,50277,0
0,26450,0
0,77645,0
0,149856,0
0,83040,0
0,102234,0
0,189242,0
0,185574,0
0,4548,0
90000000,76285,174578751
105000000,77931,347434178
4000000,177699,9800000
5200000,23535,2459895
0,158743,0
0,58218,0
0,121791,0
0,201676,0
0,30143,0
0,89345,0
0,205985,0
0,293198,0
0,241340,0
0,147276,0
0,42502,0
25000000,76544,2054941
0,38120,0
0,36089,0
725000,113148,0
0,44545,0
0,21683,0
3500000,65291,0
0,35919,0
0,39027,0
0,212994,0
400000,50346,0
0,61954,0
37000000,138832,269994119
0,157862,0
0,39957,0
80000000,109418,246984278
0,211830,0
0,212927,0
0,110410,0
0,18851,0
0,259808,0
0,97008,0
28000000,59859,60700000
38000000,87421,98337295
50000000,151960,219788712
0,54266,0
0,59589,0
0,155751,0
0,37312,0
7000000,59735,136203
0,158999,2063312
35000000,115348,13785015
0,124091,0
0,27003,0
30000000,149870,117932401
0,24631,0
0,81780,0
0,26158,0
0,198210,0
0,204128,0
12000000,115782,35931410
0,65958,0
0,215134,0
60000000,123553,90565421
0,113362,0
0,98412,0
0,47559,0
0,154282,35022
0,92506,0
0,184020,0
0,72968,0
25000000,132363,115922175
1000000,157360,2963902
0,82473,0
0,54133,0
0,62755,0
0,159622,0
0,174346,0
0,45109,0
0,128133,0
0,152748,1031243
0,133108,0
0,200063,0
0,49542,0
0,35895,0
12000000,122906,87100449
800,83114,0
18000000,205022,62000000
0,98064,0
0,15440,0
0,56937,0
0,19029,0
0,30689,0
0,122088,1775316
0,101179,0
0,104880,0
0,130055,0
0,30061,0
0,117924,0
0,91690,0
0,98568,0
0,109260,0
0,154019,0
27220000,199373,5496951
0,66608,0
0,116764,0
0,250155,0
0,83899,14347000
0,51166,0
0,107239,0
0,42355,0
500000,46891,0
0,66148,0
0,96252,0
0,77123,0
0,107231,0
0,83272,0
0,242920,0
0,167919,0
175000,136466,0
0,26971,0
0,25756,0
11000000,169209,3639345
0,39005,0
0,217038,0
0,140708,0
50,29231,83
0,48319,0
0,21708,0
0,129432,0
0,138496,0
0,122372,0
0,17886,0
0,33028,0
0,168496,0
0,219956,0
0,127651,0
0,202495,0
0,32389,0
0,43740,0
16000000,33196,11301649
0,198342,0
0,180318,0
0,159167,0
800000,169758,0
0,176720,0
0,2911,0
15000000,16921,0
0,25172,0
0,129854,0
0,218212,0
0,46525,0
0,90785,0
16000000,111190,318982
0,37845,0
0,79628,0
0,50674,0
0,136336,0
0,174773,0
0,147129,0
0,176734,0
0,42244,0
0,211729,0
0,79950,0
0,84338,0
0,135812,0
0,107355,0
0,124298,0
0,40833,0
0,214091,0
0,118293,0
0,24789,0
0,52017,0
0,52021,0
0,84058,0
0,54768,0
5500000,211954,99067206
0,52022,0
0,174334,0
0,75465,0
0,138217,0
10000000,164558,0
0,64936,0
0,53417,0
0,146223,5750401
0,200236,0
0,219674,0
150000,27711,0
30000,27712,0
0,61716,0
300000,185444,0
18000000,146227,10501938
100000,158884,0
0,89623,0
0,127451,0
0,134756,0
0,27651,0
0,126321,0
0,65114,0
0,47913,0
0,49802,0
0,10432,0
0,62648,0
0,194126,0
0,86685,0
0,82932,0
0,37463,0
0,86235,0
0,183825,0
0,124429,0
0,86274,0
0,171964,0
0,176088,0
0,37183,0
250000,40231,0
0,17282,0
0,218508,0
105000000,49047,716392705
0,180810,0
5000000,57655,0
0,95730,0
0,138030,0
0,207768,809
11000000,212716,7847000
0,122597,0
0,104634,0
0,28735,0
0,103902,0
0,115199,0
46000000,146233,122126687
22000000,164457,15400000
0,133369,0
0,130593,0
4900000,156711,2159041
5000000,91586,0
0,195757,0
38000000,96721,90247624
0,57892,0
0,158895,0
30000000,112205,36894225
0,64820,0
0,62503,0
0,58607,0
250000,11111,0
0,169813,1600000
0,121789,0
0,30995,0
0,85509,0
0,27885,0
0,28320,0
0,38807,0
0,41349,0
0,106599,0
0,103713,0
0,180314,0
0,133701,0
0,34188,0
0,63924,0
0,157129,0
0,129734,6508
0,158711,0
0,63383,0
0,12791,0
0,9971,0
0,156339,0
0,102059,0
0,103689,0
0,320849,0
0,174348,0
1500000,129139,3566225
0,219288,0
0,74137,43
0,119826,0
0,36992,0
0,43678,0
0,50775,0
25000000,136911,0
0,27457,0
0,108564,0
0,176238,0
0,22731,0
12000000,100544,0
0,19458,0
0,41347,0
0,53407,0
0,53374,0
5500000,220714,47000000
20000000,109417,16549477
0,115189,0
0,43065,0
0,40950,0
0,34937,0
14000,245950,0
0,81996,0
0,39243,0
11000000,114726,1659542
0,121676,0
0,156708,0
0,127878,0
0,199615,66559
0,71700,0
1000000,47038,0
0,136966,0
0,38746,0
0,85656,0
0,32630,0
0,139998,0
0,81857,0
0,73590,0
0,221410,0
0,75506,0
0,134394,0
0,23045,0
0,53949,0
0,25666,0
0,91018,0
0,448538,0
0,179109,12247
0,62425,0
12000000,129670,17654912
0,45756,0
0,2093,0
0,209263,25288872
6000000,138697,0
0,168051,0
20000000,133931,0
0,28484,0
0,36130,0
0,26251,0
0,41889,0
0,23385,0
0,15810,0
0,128135,0
0,455027,0
0,157820,0
18000000,193613,7972967
0,51452,0
0,27232,0
0,157409,0
0,217014,0
0,132887,0
0,70115,0
0,78143,0
5000000,216374,0
0,118948,0
0,249333,0
0,175245,0
0,100681,0
0,25377,0
0,68780,0
0,55230,0
0,128241,0
0,256382,0
0,60125,0
0,24331,14225876
0,33305,0
0,72440,0
0,103168,0
0,25584,0
0,172828,19613
0,75757,0
0,86049,0
0,154413,0
0,30244,0
0,158445,0
7100000,165904,18000000
0,43727,0
0,139725,0
30000000,146238,62616646
0,77776,0
4300000,152584,10165694
0,97006,0
0,138202,0
0,122089,85154
0,51947,0
0,128081,0
0,188761,0
0,222759,0
0,210940,0
0,192160,0
5000000,167032,0
0,97790,0
0,21381,0
0,196355,0
0,37087,0
0,102420,0
3000000,1803,0
0,49393,0
0,161073,0
0,65481,0
10000000,209262,653651
0,128089,0
0,159008,0
0,423078,0
0,55884,0
0,167673,0
0,126560,0
0,276123,0
0,195450,0
0,3149,0
1052753,190754,466088
0,41443,0
3250000,45725,0
0,49162,0
2500000,34461,0
78000000,109451,248384621
1100000,218381,0
0,81435,0
8510000,86004,0
0,78250,0
0,53776,0
0,253120,0
3000000,10598,0
0,81626,0
0,208968,0
0,100461,0
0,14143,0
55000000,109424,95000000
0,97397,0
0,4479,0
0,198287,0
0,210708,0
0,175953,0
0,113364,0
0,115442,0
0,62996,0
0,159015,0
0,51985,0
0,134472,0
0,90645,0
0,49004,0
0,119893,0
0,197926,0
0,56997,0
0,56290,0
0,17025,16136
0,47369,0
0,75735,0
0,55539,0
0,128917,0
12000000,106747,15008161
0,99279,0
5000000,85889,9114264
0,293109,0
0,91745,1162635
15000000,19623,3250000
0,38273,0
0,214100,0
0,10006,0
0,64078,0
0,273160,0
8500000,175528,22456509
0,169642,0
0,8935,0
100000,115210,95000
50000000,107846,122915111
0,64076,0
0,172782,0
0,10085,0
0,139651,11384015
0,195423,0
80000,120587,0
0,38093,21520719
0,81708,6086224
0,55370,0
0,121317,0
30000000,133805,82394288
0,86816,0
28000000,162903,8555008
0,159009,0
0,173495,0
0,29368,0
3400000,74674,0
25000000,109091,71009334
0,56115,0
0,82407,0
0,34023,0
0,81622,0
0,154795,0
0,152795,455815
0,43115,0
0,113194,0
0,166879,7965
0,194516,0
0,18167,0
0,200390,0
0,191502,0
650,158752,0
0,3160,0
0,58877,0
8300000,39468,0
760000,39264,0
0,74008,0
0,29941,0
0,35911,0
0,291907,0
0,36214,0
0,27207,0
0,120771,0
0,30478,0
0,146015,200406
10300000,39466,0
0,180688,0
20000000,76203,187000000
0,171738,0
0,91311,0
0,209406,0
1104000,160118,0
0,231038,0
1030064,157370,0
0,95006,0
0,28868,0
0,61820,0
0,79378,0
1203000,73099,0
0,115173,0
0,468343,0
0,81538,0
1650000,214217,0
0,153196,0
0,55651,0
0,19241,0
0,15866,0
0,160897,0
0,137193,0
0,38221,0
0,43015,0
0,174366,0
5000000,58631,0
0,87302,0
0,58591,0
0,214671,0
9000000,152747,6108720
0,64077,0
0,36212,0
0,36247,0
0,127374,0
0,103648,0
0,65056,0
0,42716,0
0,78235,2685453
0,293412,0
0,40221,0
0,50441,0
0,82627,0
0,103195,0
0,19594,0
110000000,80274,125537191
0,37342,0
0,62039,0
0,200481,0
0,88274,0
0,210624,0
0,213121,0
0,174988,0
0,256396,0
0,190847,24084
0,57725,0
0,187569,0
0,127929,0
0,225975,0
0,56949,0
0,4519,0
15000000,208134,151831537
0,19658,0
0,168027,0
170000000,76338,644571402
0,44005,0
0,75905,0
0,460870,0
0,13390,0
0,83059,0
0,39469,0
5000000,152532,55198285
0,97434,0
0,133200,0
0,226632,0
75000,48011,0
0,58166,0
0,55208,0
1000000,44745,0
0,73500,0
0,250503,0
0,194101,0
0,15709,0
0,128129,0
0,66538,0
2000000,224746,0
0,187022,154120
0,124075,0
0,193212,0
0,16242,0
0,91325,0
0,144613,0
0,156566,1300000
0,265727,0
0,162215,0
0,72890,0
4000000,172803,0
0,189747,0
103000,123377,3623330
0,170632,0
1500000,121565,0
0,14297,0
0,42950,0
0,230158,0
0,96924,0
0,56579,0
0,127880,0
0,52045,0
0,85822,0
0,61936,0
0,121674,258656
0,184149,0
0,135670,0
55000000,175574,110000000
8500000,12636,0
0,49186,0
0,295045,0
0,80188,0
0,128266,0
0,59100,0
0,184802,0
0,64458,0
0,250610,0
0,69056,0
9000000,44900,0
0,28592,0
0,118153,0
0,155399,0
8000000,19644,0
0,43208,0
0,24786,0
0,51215,0
0,99534,0
0,203062,0
28000000,137093,134402450
0,159151,0
0,191421,116000000
0,243860,0
4500000,225703,0
0,49914,0
0,124581,0
0,110674,0
0,173433,0
0,198365,0
0,84324,0
0,78294,0
0,123362,0
0,67530,11787127
0,36820,0
0,53318,0
0,222858,0
0,122408,0
0,93498,0
0,121555,0
0,4146,0
0,21776,0
4000000,19039,0
0,85312,0
0,193645,0
0,87380,0
0,159988,0
0,192393,0
0,15725,0
250000,97971,0
0,187927,0
12000000,205220,100129872
0,203833,76586316
17000000,146304,71625195
3200000,43213,0
2159280,209274,15298355
0,163590,0
0,261508,0
0,70224,0
0,232018,0
0,238407,0
0,143534,0
0,41498,53000000
0,176983,0
0,92119,0
0,80521,0
0,13293,0
130000000,101299,847423452
250000000,57158,958400000
175000000,64686,150962475
0,42461,0
0,153820,0
0,46997,0
0,58258,0
0,24506,0
0,129405,0
0,169219,0
0,28550,0
0,37429,0
0,139848,0
0,51402,0
125000,61194,0
0,171861,0
0,194509,0
0,4578,0
26000000,146239,51164106
0,41602,11650
0,293092,0
0,15991,0
6218100,204435,0
0,206188,0
0,124517,0
0,188044,0
0,275905,0
0,42286,0
135000,200462,0
0,154663,0
0,137312,0
0,218329,0
250000,42870,0
0,85024,0
0,107781,0
0,231472,0
0,3030,0
0,76422,0
0,52608,0
13000000,121642,18295
0,25781,0
0,202436,0
0,31035,0
0,80662,0
0,251367,0
0,107311,0
0,27294,0
0,239747,0
400000,36618,0
0,94639,0
0,40466,0
0,252622,0
150000000,109445,1274219009
0,31297,0
0,18547,0
0,64534,0
0,77403,0
0,162494,0
0,162850,0
0,200713,0
0,75564,0
2000000,137174,0
0,42732,0
3500,60366,0
100000,140750,0
0,31332,0
2050000,110919,0
8200000,201749,0
0,37445,0
0,187628,0
0,51859,0
11000000,86829,32935319
0,39378,0
100000000,106646,392000694
22000000,204082,43058898
0,30877,373530
2000000,2072,0
0,4839,0
0,134372,0
0,46793,0
0,222487,0
0,43254,0
0,186399,0
0,155096,0
35000000,192136,27330000
25000000,152737,74188937
0,21930,0
0,16692,0
0,16693,0
0,57210,0
110000,180048,270000
0,209282,0
0,215739,0
0,18440,0
0,136850,0
0,134366,0
0,75629,60487945
0,58043,0
8000000,214597,0
7000000,158916,6147
0,174311,0
0,41831,0
0,212063,0
0,158994,0
0,44038,0
0,89883,0
0,22899,0
0,16985,0
40000000,168672,251171807
90000000,116745,188133322
23000000,152601,47351251
0,18510,0
0,18511,0
0,39260,0
0,163392,0
0,90563,0
0,35637,0
0,264113,0
1138340,86817,0
0,184314,0
0,48880,0
0,107916,0
0,309410,0
0,54236,0
0,195516,0
0,59833,0
0,54283,0
0,177203,0
0,159142,0
0,172897,0
0,180998,0
0,45697,0
0,215830,0
0,25028,0
0,264061,0
0,224659,0
0,57047,0
2300000,55547,0
0,121636,0
0,238478,0
0,26131,0
0,178290,0
350000,40448,0
0,176297,0
0,223389,0
0,43967,0
6200000,14569,0
0,64632,0
40000000,193756,149295601
0,47257,0
0,28769,0
0,146712,0
0,18624,0
0,197033,0
0,115023,0
0,119288,0
0,132141,0
0,87392,0
0,121573,0
0,5546,0
0,70338,0
0,214083,383294
0,47794,0
0,210024,0
0,29600,0
0,18231,0
35000000,140823,112544580
0,236661,0
0,107978,0
0,99880,0
0,89995,0
0,85494,0
0,18977,0
0,40897,0
0,54265,0
0,69717,0
0,49152,0
2000000,8985,0
0,18619,0
0,186279,0
0,40955,0
0,54272,0
0,176389,0
0,167502,0
0,57830,0
6000000,183258,0
4000000,241765,0
0,157351,0
0,15216,0
90000000,49852,16178959
0,220674,0
0,164123,0
0,92675,0
0,40059,0
0,110548,0
0,38792,0
0,256750,0
0,132812,0
0,45130,0
0,29130,0
0,29565,0
0,54274,0
0,54273,0
0,234652,0
0,213842,0
0,19604,0
3000000,127913,0
0,29128,0
0,67750,0
0,77161,0
0,75300,0
0,160706,0
0,116853,0
5000000,228331,388
0,20986,0
0,23452,0
0,140447,0
0,18269,0
30000000,87516,4861022
0,59993,0
1,114903,2755584
0,29129,0
0,25866,0
0,209232,0
0,54275,0
0,21410,0
0,54276,0
50000000,109443,173649015
0,84192,0
2000000,170039,0
0,173301,135039
0,187541,0
0,172499,0
0,213015,0
0,230170,0
0,82362,0
0,42892,0
0,210041,0
0,174325,0
0,45241,0
0,58799,0
0,70490,0
39200000,110415,86758912
0,37129,0
0,20894,0
0,20878,0
600000,69278,0
0,121691,0
500000,58899,0
1500000,40342,0
0,139718,0
0,166271,0
0,42213,0
0,158990,0
0,27190,0
0,430985,0
0,154226,0
1340000,37168,0
0,180894,0
0,144231,0
0,21138,0
0,11367,0
0,39055,140987
0,245226,0
4620000,142487,2395000
0,95383,0
0,67737,0
0,194188,0
0,54861,0
1344000,86331,0
0,103742,0
0,83869,0
0,74626,0
0,11039,0
0,62989,0
0,78362,0
0,43766,0
14000000,82679,11417362
3,91551,0
0,85469,0
0,79113,0
5000000,233063,0
0,289336,0
0,222413,0
0,69353,0
0,189803,0
0,118778,0
0,420743,0
0,388182,0
0,5995,0
0,246314,0
1085400,203060,0
0,130233,0
0,130694,0
0,117467,0
0,52477,0
0,210842,0
0,176085,0
0,174358,0
0,228407,0
0,398452,0
0,229974,0
32000000,169881,57284237
0,27584,0
0,174928,0
0,37420,0
0,199782,0
0,28323,0
0,328069,0
0,253988,0
0,214139,0
0,25583,0
0,186929,0
0,224950,0
0,58515,0
0,46445,0
7200000,14499,2300000
0,54277,0
0,149725,0
0,163795,0
0,128151,0
0,127866,0
0,100812,0
0,225747,0
567000,185267,0
0,28981,0
0,119278,0
0,8213,0
0,25707,0
0,328631,0
1800000,211233,532269
0,84283,0
0,69406,0
0,171910,0
40000000,64807,44907260
0,229296,0
1500000,17478,12000000
0,230864,0
0,72123,0
0,171698,0
0,13194,0
0,35076,0
0,30077,0
0,259311,0
0,252385,0
0,209504,0
0,53500,0
0,240629,0
4000000,195269,0
0,35718,0
0,58061,0
0,265111,0
0,115283,175705
3000000,159024,0
0,84152,0
0,66469,0
0,44432,0
5000000,227348,86362372
7000000,152603,0
0,101740,0
0,170309,0
0,32616,0
0,36671,0
0,81462,0
0,13632,0
0,76127,0
0,267219,0
0,183654,0
0,257618,0
0,31013,0
0,41932,0
0,54229,0
0,83678,0
0,15826,0
0,40593,0
0,37488,0
0,42329,0
0,72091,0
0,158232,0
1000000,191714,4235151
0,114718,0
0,48734,0
0,143777,0
0,124409,0
0,53061,0
0,14432,0
0,199177,0
0,107445,0
0,124623,0
0,39516,0
0,40034,0
12000000,245775,21026290
0,53389,0
0,8434,0
0,206183,0
0,122796,0
0,317246,0
0,111473,1234254
2300000,204810,4500000
0,126963,50353002
0,136735,0
22000000,153158,24000000
1150000,56965,0
0,243531,0
0,290075,0
0,292062,0
0,95410,0
0,54773,0
0,120497,0
0,95504,0
0,177945,19978961
18000000,127560,22309223
0,83896,0
0,277809,0
15000000,118289,21766271
0,109391,0
0,159128,81381
0,39102,0
0,79690,0
0,150249,0
0,94747,0
0,89581,0
0,90966,0
0,170399,0
0,24671,0
0,96944,0
10735974,190880,0
0,173467,0
0,193638,0
2000000,4949,0
0,110992,0
0,27093,0
0,225235,4037782
0,245170,0
0,16076,0
0,33114,0
0,63206,0
0,71847,0
0,152206,0
0,173480,0
0,206408,0
0,176068,0
0,168806,0
0,39148,0
0,73554,0
0,38189,0
0,145059,0
0,63954,0
0,113594,0
0,60140,0
0,75507,0
0,303296,0
0,110391,0
0,75404,0
0,173340,0
0,256122,0
0,121498,0
0,159002,0
0,140174,0
0,211024,0
0,164278,0
12000,126749,0
25000000,168530,153997819
0,84971,0
0,81867,0
0,20305,0
60000000,137094,50549107
85000000,157350,288747895
0,6418,0
0,31334,0
0,15494,0
8000000,240916,0
0,54642,0
0,91052,0
0,221667,0
0,51259,0
0,182972,0
0,95943,0
0,159037,0
50000000,102207,48600000
0,52395,0
840000,91817,0
7000000,79316,36433975
0,242661,0
0,163875,0
0,81600,0
2000000,19551,0
0,31769,0
0,91380,0
0,2442,551281
0,29403,0
90000,101352,0
0,55922,0
0,84178,0
10000000,41374,22424195
0,59145,0
0,149206,0
0,10958,0
0,118011,0
0,26657,0
0,135855,0
0,88293,0
0,159932,18642
0,28062,0
0,21072,0
0,37351,0
0,33998,0
0,39311,0
0,161315,0
0,249072,0
0,61663,0
0,56906,0
0,31780,0
0,164353,0
0,255576,0
0,297560,0
0,266549,0
0,134096,0
1500000,138977,0
0,109259,0
100000,89445,0
0,75020,0
0,156965,0
0,71622,0
23000000,11188,0
2000000,177047,48390
0,331958,0
0,288526,0
0,53063,0
0,72872,0
0,174344,0
0,25003,0
0,60976,0
0,52150,0
5000,78308,0
0,114638,0
3500000,217993,5155325
0,34131,0
0,174671,0
0,157384,0
0,136727,0
0,56647,0
7700000,185008,46000000
0,199423,0
0,24475,0
0,215991,0
0,21073,0
0,11765,0
0,104710,0
3000000,92834,13954476
0,126783,0
0,92647,0
0,173465,0
0,19199,0
12516654,126319,8109160
0,111421,0
0,57680,0
0,72465,0
0,69746,0
0,114888,0
0,104086,0
0,222911,0
0,250769,0
0,184846,0
3500000,84690,0
0,65374,0
0,36075,0
0,117773,0
0,78239,0
0,76268,0
0,100409,0
0,7269,0
950000,207769,0
11000000,137968,0
0,358076,0
0,12758,0
0,104067,0
0,173185,0
0,81657,0
0,42262,0
0,42456,0
500000,180383,0
0,29007,0
0,22264,0
0,96482,0
0,218689,0
0,107430,0
0,95093,0
65000000,100241,71154592
0,378240,0
2017928,72013,0
0,44969,0
0,44693,0
0,143973,0
0,54102,0
0,208529,0
0,253077,0
5000000,157099,75143
0,37947,0
0,48397,0
0,181886,3396726
1000000,72767,0
0,127687,0
0,107203,0
0,112575,0
0,216369,0
0,171540,33232
0,164328,0
0,37564,0
0,54312,0
0,27960,0
0,33031,0
0,30123,0
0,186992,0
18000000,130150,20275812
0,184352,0
0,136437,0
0,100898,0
0,15359,0
0,236399,0
0,128006,0
0,33280,0
1000000,17940,0
0,2180,0
0,100063,0
0,21435,0
0,90728,0
0,86221,0
4000000,36299,0
0,59744,0
0,281556,0
33000000,157841,9494789
0,271009,0
0,295841,0
0,45266,0
0,11927,0
0,19400,1337274
0,40352,0
0,59118,0
0,46136,0
1700000,242033,0
0,47831,0
0,44516,0
0,79919,0
0,118761,0
0,177888,0
0,66892,0
0,234155,0
0,170234,0
0,54278,0
0,54279,0
0,26947,0
0,160068,2107925
6844180,60025,0
0,14028,0
0,137748,0
0,104211,0
0,144121,0
70000000,152760,154984035
0,150093,0
60000000,137106,469160692
0,32996,0
0,106573,0
0,136582,0
0,97794,0
120000000,97020,242688965
0,58427,0
0,209247,64065
0,99608,0
0,91101,0
0,83665,0
0,61501,0
0,249397,2227167
0,83564,0
3000000,118513,0
0,133018,0
0,133021,0
0,45930,0
0,137566,0
0,2594,0
0,253445,0
0,343435,0
0,24685,0
7677765,49729,0
0,75090,0
0,43191,0
0,42325,0
0,87293,0
0,219318,0
0,172890,0
0,87358,0
0,106828,0
0,239155,0
0,74461,0
0,20756,0
0,16032,0
0,4883,0
0,27952,0
0,52147,0
0,190341,0
0,174688,0
0,103717,0
0,205384,0
35000000,144336,17508518
0,120143,0
0,258126,0
0,41109,0
0,25519,0
0,47100,0
0,141614,17000000
6000000,17794,0
0,422906,0
0,45115,0
350000,33801,0
0,56441,0
0,146490,0
0,140873,0
0,141043,7176347
13640000,246320,0
0,197082,342183
0,84362,0
0,232898,0
0,67793,0
0,122435,0
0,143049,0
0,99367,0
0,37585,0
8500000,157834,770706
20000000,226857,34077920
60000000,137321,30800231
0,192345,0
0,210913,0
0,83727,0
0,71203,0
0,43042,0
0,206822,0
0,40435,0
0,172120,0
0,232731,0
0,117426,0
0,158517,0
0,31445,0
0,81699,0
0,370353,0
0,146375,25109572
4000000,157847,2365467
0,31295,0
0,12124,0
0,32547,0
0,219931,0
0,162987,0
0,33563,0
0,39341,0
0,114575,0
0,102597,0
0,43700,0
20000000,20493,5000000
0,133441,0
33157,103732,0
0,237692,0
0,418029,0
0,71055,0
0,210047,16971
0,17684,0
0,30127,0
0,249923,0
0,60160,0
0,98162,11229
0,142573,0
0,83401,0
0,13470,0
0,79869,0
3000000,14872,0
0,355515,0
0,359195,0
0,218277,0
0,212721,4793
0,103875,0
0,22504,0
0,182246,0
0,92850,0
0,41639,0
12500000,222899,49002684
30000000,120467,174600318
0,201086,0
0,201550,0
0,84319,0
0,102862,0
0,141635,0
0,255756,0
0,256106,0
0,233470,0
0,253046,0
0,21474,0
0,142984,0
0,13934,0
0,13061,0
0,24589,0
0,83573,0
1200000,41445,0
0,125680,0
0,33817,0
0,137646,0
0,48707,0
0,4494,0
0,86814,0
0,187028,0
0,252841,0
0,77458,0
0,266333,0
0,248507,0
0,127847,0
0,204765,0
0,183836,0
0,220286,0
0,294709,0
0,295355,0
0,329740,0
0,172913,0
8000000,225565,26049082
0,158908,0
165000000,157336,675120017
0,159937,0
0,179146,0
0,24417,0
5000000,160070,0
0,220724,0
0,67657,0
0,145926,0
0,77133,0
0,254065,0
0,191515,0
0,153652,0
0,21580,0
0,32930,0
0,19325,0
0,133715,0
28000000,192102,52597999
0,263937,0
0,111481,0
3500000,205724,0
50000000,225574,222809600
0,158914,0
0,21379,0
0,18224,0
2000000,85444,0
0,95243,0
0,24756,0
0,70798,0
0,159095,0
0,117375,0
0,156284,0
0,86381,0
0,254464,0
0,199818,0
0,158907,15000
0,198375,0
0,159152,0
0,83214,0
0,48263,0
0,100632,0
0,156415,0
0,266373,0
0,22259,0
0,52817,0
0,79073,0
0,10574,0
0,90517,0
0,201414,0
110000000,53182,337580051
0,87587,0
0,108668,0
0,88583,0
0,51581,0
0,23527,0
0,202141,0
0,55398,0
0,121074,0
0,121695,0
0,41552,0
0,49001,0
0,257155,0
0,87017,0
0,204349,0
0,242076,56574
0,47459,0
0,168245,0
0,47626,0
0,19492,0
0,149862,0
0,37316,0
0,248774,3123963
0,175291,0
2000000,255577,0
0,121015,0
0,121113,0
0,196024,0
15000,80837,0
0,191566,0
313411,222671,0
0,37646,0
0,128246,0
0,21788,0
0,241968,0
0,256731,0
0,45384,0
0,43135,0
0,20626,0
2511000,167983,0
2000000,79893,0
0,73624,0
0,79194,0
0,200145,0
0,184578,0
0,56743,0
0,148044,0
0,120509,0
0,3162,0
20000000,24775,0
0,20695,0
0,74579,0
145000000,82703,272912430
13300000,97370,5380251
66000000,136797,203277636
6000000,242042,15071
0,38049,0
0,118769,0
6000000,177494,3485127
0,40346,0
0,45514,0
0,109404,0
0,68827,0
0,182827,0
0,64047,0
0,74343,0
0,8064,0
9500000,209403,7800000
22000000,235260,67800064
0,94331,0
0,24202,0
0,238972,0
0,116894,0
0,145995,0
0,159464,0
0,68713,0
0,144728,0
0,144724,0
0,47771,0
0,96920,215496
0,115821,0
0,58767,0
0,83201,0
0,62156,0
0,228202,0
0,203217,0
0,54597,0
0,184323,0
0,39853,0
5112027,209355,0
0,134350,0
3000000,236737,0
0,118915,0
0,116760,0
0,39293,0
0,101242,0
0,157690,0
0,55825,0
0,72962,0
0,186971,0
0,199740,0
80000,214250,0
0,86133,0
0,46460,2411145
0,31950,0
0,249726,0
0,164184,1553826
0,160162,0
0,4111,0
0,85620,0
30000000,192577,17137302
0,394403,0
0,26286,0
0,45007,0
0,22592,0
0,31214,0
0,109891,0
0,25541,0
0,80992,0
10916704,248390,0
0,71996,0
0,39211,0
0,16167,66456
0,62709,0
3000000,47194,0
0,42552,0
170000000,100402,714766572
7500000,168399,0
0,114172,0
0,180420,0
0,209276,54915
90,195022,0
0,128113,0
0,119685,0
0,226247,0
125000000,86834,362637473
0,227783,0
0,257346,0
0,204668,0
0,214418,0
0,203715,0
0,256628,0
0,151043,0
0,19501,0
0,110381,0
0,38080,0
0,56415,0
0,215031,0
0,191104,0
0,42216,0
0,27196,0
0,29290,0
0,4112,0
0,173455,137460
0,233841,0
0,102855,0
0,63143,99303
0,373745,0
10000000,12685,0
1900000,112731,0
0,42551,0
0,1732,0
0,49396,0
290000,142159,596000
32000000,5494,0
0,70993,0
0,99119,0
10000000,17456,0
325000,103971,0
0,68123,0
0,233917,0
0,65674,0
0,95752,0
0,232862,0
0,204113,0
0,94664,0
0,253239,3946880
0,31329,0
0,125395,0
0,53168,0
0,168767,0
5000000,155084,13809
0,97733,0
70000000,188207,61279452
50000000,145220,80383290
0,36861,0
0,111250,0
0,14408,0
0,42802,0
0,117905,0
0,40172,0
0,192134,523511
0,186997,52164
0,218931,0
0,89237,0
0,119360,0
0,215743,2340
0,391069,0
0,64527,0
25500000,190955,2415472
0,208277,0
150000,256561,0
9000000,9753,0
0,229613,0
0,51486,0
0,199463,0
0,213386,0
0,38655,0
0,34079,0
8358460,252607,0
0,110112,3903479
0,209799,0
1500000,138222,1938
0,60438,0
0,224040,0
5000000,146955,0
0,174675,0
0,94344,0
0,65170,0
250000,29854,0
0,246007,0
10000000,256474,0
1100000,80973,0
0,170689,0
0,34459,0
200,183433,0
0,180960,0
0,56533,0
0,38626,0
0,96769,0
0,95177,0
200000,193612,17834867
25000000,200505,28831145
0,52762,0
0,178603,0
0,94887,0
0,191294,180590
3700000,69492,0
0,131916,0
0,211078,0
0,40715,0
0,70417,0
0,264482,0
4500000,180299,2627209
0,158091,0
0,171776,0
0,40740,0
0,64349,0
0,48591,0
0,46667,0
0,90590,0
0,77528,0
0,44369,0
0,39214,0
0,35057,0
0,67633,0
0,25706,0
0,148778,0
0,104250,0
0,88237,0
200000000,102382,705717432
0,42733,0
0,127495,0
0,26831,0
0,197611,0
0,42711,0
0,251519,0
0,74241,0
0,47628,0
0,130745,0
0,185602,0
0,157832,0
0,127540,0
5000000,157547,44030246
0,24006,0
0,45588,0
0,94248,0
0,71990,0
17000000,249660,29789000
0,35074,0
0,156320,0
0,244509,427418
0,62661,0
0,98136,0
0,268875,0
0,50767,447784
0,161297,0
0,211603,0
0,30844,0
33000000,197796,49100000
0,61492,0
0,73215,0
8000000,179538,0
0,172340,0
0,25388,0
0,47956,0
0,127702,0
103000000,172385,500188435
0,262481,0
0,202183,0
0,196027,0
1000000,226448,0
0,214314,0
2500000,32005,0
0,60908,0
0,119926,0
0,214030,2681345
100000000,157353,103039258
0,153641,0
0,77333,0
0,167575,0
0,59726,0
12000000,236751,101332962
0,42697,0
0,166621,0
0,84465,0
0,219553,0
0,25951,0
40000000,193610,196781193
0,184345,0
0,242203,0
0,12242,0
0,113743,0
0,258369,0
0,29721,0
0,93122,0
0,209350,2225098
0,19063,0
0,139799,0
0,215656,0
0,203739,0
0,127016,0
0,199341,0
0,123961,0
0,95556,0
0,221737,0
28000000,254473,68896829
15000000,152792,0
0,112083,0
0,89547,0
0,43857,0
0,80918,0
0,130398,0
0,54752,0
0,85564,0
3500000,95555,0
16000000,89584,0
1525000,168742,0
9250000,145247,0
2000000,210479,4635300
0,159403,0
0,46943,0
0,252143,0
0,126442,0
21000000,242310,0
0,38585,0
0,43901,0
0,180624,0
0,44323,0
0,211059,0
0,300940,0
460000,293444,0
130000000,76649,117831631
0,44269,0
1400000,225564,0
0,137217,0
0,226269,0
0,192813,0
11,69054,0
0,22701,0
0,141643,0
0,137475,0
0,119593,0
0,51848,0
0,236417,0
0,197919,0
0,120837,0
0,245909,0
0,44721,0
0,61642,0
0,42472,0
0,71721,0
18000000,195589,268157400
0,33091,0
0,46845,0
0,49588,0
0,54919,0
0,195841,0
0,53223,0
0,177552,0
0,227425,0
0,258096,0
0,216541,0
0,112287,0
0,201360,0
0,258476,0
0,272525,0
750000,49158,3000000
0,191720,0
0,110958,0
0,259879,0
0,174316,4187
0,52531,0
10900000,205601,16505460
16000000,152599,5867686
0,39785,0
1400000,19703,3500000
0,30648,0
0,262338,0
0,53144,0
0,38980,9500000
0,82529,0
0,94478,0
0,26166,0
0,139519,0
1000000,186935,0
0,56967,0
0,48949,0
0,16931,0
0,36465,0
0,38281,0
0,44263,0
5000000,252680,10429707
4200000,105945,0
0,128237,0
0,197562,0
0,10244,0
0,55589,0
0,195522,0
0,54281,0
0,199715,0
40000000,240832,126546825
250000000,127585,747862775
160000000,124905,529076069
0,179818,0
0,90617,0
1000000,74505,0
15000000,187596,59209
0,222724,0
0,223971,0
0,188166,258384
0,192132,0
0,212231,0
0,42092,0
0,41781,0
200000,215407,0
0,4269,0
0,54280,0
0,54284,0
0,263111,0
70000000,59981,18662027
0,249724,0
11000000,212778,45967935
0,94752,0
0,37848,0
0,209091,0
0,256922,0
0,41847,0
0,1840,0
0,49634,0
0,267795,0
0,69780,0
0,91456,0
1800000,89670,0
0,120852,0
0,54306,0
0,40721,0
0,96912,0
0,205225,0
0,54307,0
0,253251,0
0,179085,0
0,113833,0
0,91471,0
0,113154,0
0,238006,0
0,391166,0
0,182848,0
318000,210947,121179
0,158936,0
0,138544,0
0,158864,0
10000,214990,0
0,174162,0
0,95551,0
0,121890,0
0,55335,0
0,260202,0
0,260339,0
0,171795,0
0,49514,0
0,272543,0
0,213270,0
0,173151,0
40000000,232672,123494610
8000000,198277,63464861
0,253270,0
0,276122,0
0,56171,0
0,166822,0
0,75950,0
0,462788,0
0,17156,0
0,204784,0
0,169864,0
0,169853,44
0,147726,0
0,65603,0
0,33543,0
0,47901,16928137
180000000,102651,758539785
0,192149,4507463
0,254474,14947
0,148021,0
0,5421,0
0,268823,0
2500000,194722,0
1500000,58832,0
0,183336,0
0,92269,0
0,77925,0
239000,5157,0
0,118283,0
0,176670,0
0,46615,0
0,190950,0
0,32929,0
0,133827,0
0,258893,0
3000000,137698,0
0,209249,0
0,99312,0
0,188161,0
0,109133,0
0,42200,0
0,31185,0
0,252147,0
0,51069,14000
178000000,137113,370541256
0,228339,0
13000000,262391,0
0,185949,0
0,173192,0
0,60643,0
0,203819,4878242
150000000,177677,682330139
0,106938,0
0,20880,0
0,64923,0
0,75130,0
25000000,198185,38307627
0,255497,0
0,174323,0
0,39567,0
0,281908,0
0,173908,0
0,159012,0
0,248376,0
0,192133,340911
0,62876,0
0,54544,0
0,181753,0
5500000,255268,0
0,256118,0
0,91245,0
0,79778,0
0,207021,0
0,120653,0
0,82657,0
8000000,185471,0
0,42886,0
0,245175,0
0,46941,0
0,160008,0
0,267752,0
0,136786,0
0,234154,0
0,175339,0
0,220494,0
0,163376,1000000
0,92349,0
0,248212,0
2000000,248688,0
0,217948,0
0,4926,0
12000000,222935,307166834
12700000,209185,3430018
0,40458,0
0,174682,0
17500000,175541,7018189
0,220820,0
0,105875,0
0,79906,0
19700000,140870,30000000
0,94671,14836
0,40485,0
0,93057,0
0,106042,0
3000000,128841,0
0,82881,0
0,202238,0
0,61221,0
0,44631,0
0,43808,0
0,104556,0
0,131366,0
0,50379,0
3512454,110428,115860
0,41943,0
0,100271,6748712
0,157851,1338365
0,1731,0
0,15942,0
0,78463,0
0,68247,0
0,41415,0
0,250651,0
0,201066,0
0,218425,0
0,93837,0
4357373,227700,1200000
0,83406,0
0,208182,0
0,228028,0
0,126676,0
500000,114574,500000
50000000,187017,188441614
6000000,244088,5809330
55000000,156022,192330738
0,84201,0
145000000,82702,609123048
0,228915,0
0,102272,0
0,38195,0
18000000,194662,103215094
0,48573,0
0,50028,0
0,112160,0
0,275573,0
0,38962,0
0,226630,0
0,254126,0
0,240594,0
0,78355,0
0,84796,0
4141459,87368,201607
0,209780,0
0,177703,0
0,250605,0
0,213342,0
0,159770,0
0,119575,0
0,172475,0
0,86283,0
0,28497,0
0,21974,0
0,146521,0
0,91722,0
0,28006,0
0,164379,0
0,51976,0
0,140456,0
0,146243,0
0,250577,0
0,159701,0
0,26480,0
0,259943,0
4000000,85350,44349000
7000000,253279,0
0,256593,0
0,133558,0
0,86297,0
24000000,184098,70181428
0,43868,0
0,31880,0
40000000,209451,67347013
0,77444,0
0,27460,0
0,58733,0
0,139575,0
0,44769,0
0,250658,48911
0,159137,0
0,90829,0
0,140783,0
0,262390,0
0,110823,0
0,151431,0
0,84364,0
0,140825,0
210000000,91314,1091405097
0,215042,0
1250000,242102,0
0,74629,0
0,86549,0
0,50761,0
0,72473,0
0,259975,0
0,169607,1503616
3335702,204968,0
0,66762,0
0,206192,0
0,21798,0
0,89187,0
0,171372,645186
0,133411,0
0,13167,0
0,295958,0
0,176403,0
0,70706,0
0,43741,0
1200000,64976,0
0,80653,0
0,288162,0
0,180296,0
0,248888,0
0,186988,0
0,212899,0
50000000,218836,151165787
0,100088,0
0,127091,0
0,88061,0
0,174319,0
0,120673,0
0,50032,0
0,79255,0
4,72951,0
5900000,262340,23000000
0,118887,0
0,43387,0
0,278878,0
0,174352,0
20000000,226486,100525432
0,15419,0
3600000,139406,0
0,219823,0
0,264723,0
0,64246,0
2000000,242224,6676471
0,28440,0
0,279661,0
0,29126,0
0,99647,0
0,108636,0
0,114838,0
2200000,267999,282358
3300000,244786,13092000
0,213635,0
61000000,210577,369330363
0,48375,0
0,92323,0
0,152790,0
0,250766,0
0,88059,0
0,49445,0
0,250705,0
0,159090,0
0,257974,0
0,184866,0
0,104528,0
0,204007,0
0,252200,0
0,121401,0
0,86640,0
0,49104,0
170000000,119450,710644566
15000000,83721,0
0,32053,0
0,41517,0
0,258750,0
0,108574,0
0,335340,0
0,26823,0
0,250700,0
2900000,123109,74918
0,89873,0
0,129974,0
0,102668,0
3000000,169298,0
0,128437,0
0,39155,0
0,211052,0
0,109716,0
0,101281,0
23000,29058,0
0,80264,0
0,198453,0
0,84801,0
0,32143,0
0,43499,0
30000000,184346,0
0,168426,0
0,224076,0
0,121135,0
0,265349,0
0,209920,0
500,85788,0
18000000,253235,25312387
0,259233,0
0,227877,0
0,254143,0
0,44588,0
0,253310,0
0,40222,0
0,106402,0
700000,73250,0
15000,206574,0
0,71704,0
0,262267,0
0,148243,0
40000000,225886,126069509
0,105789,0
0,64627,0
0,98094,0
0,101308,0
150000,65096,0
0,244267,336472
0,30146,0
10000000,79553,0
0,238067,0
0,53482,0
9000000,238636,108782847
0,146919,0
0,43257,0
0,89551,0
0,214075,3346257
170000000,118340,773328629
0,132263,0
0,63358,0
20000000,53870,0
0,208284,7182
4000000,242095,600896
0,74294,0
0,99324,0
0,121234,0
0,145668,0
0,298158,0
0,262958,2606000
0,200051,0
0,185460,0
90000000,138103,206172544
0,250551,0
0,235984,32000000
0,276935,0
0,37737,0
100000000,184315,243400000
0,282268,0
0,279414,0
0,79773,0
0,163710,0
0,150897,6701
0,44527,0
0,56329,0
15000000,157849,31554855
0,47401,0
0,159667,0
5500000,231576,5483299
0,12470,0
0,158219,0
0,87966,0
0,38691,0
0,44405,0
0,172542,0
0,46853,0
0,156713,0
0,114577,0
0,34469,0
0,70005,0
0,168031,0
0,44752,0
0,113091,0
0,136616,0
0,29313,0
0,191293,0
0,162372,0
0,215848,0
0,109913,0
0,108003,0
0,50916,0
800000,54013,0
0,25722,0
4000000,40990,0
0,21393,0
600000,215962,0
0,31896,0
0,70476,0
0,26566,0
0,60106,0
0,35837,0
0,82120,0
0,27906,270210
0,244536,0
0,242088,0
0,60316,0
0,199977,0
13000000,238603,45300000
0,149893,0
21169000,57331,0
0,80705,0
0,169760,0
0,262904,0
0,161056,0
0,164419,0
45000000,243683,86165646
0,118953,0
0,46076,0
250000,63333,0
0,269100,0
0,276621,0
0,116495,0
0,438144,0
0,284711,0
0,53865,0
0,53425,0
2000000,27270,0
0,204213,0
0,92848,0
0,63334,0
2400000,244566,88273
8500000,7983,0
0,69325,0
0,50372,0
0,209269,0
12250000,157845,2295423
0,261813,0
0,4992,0
0,44155,0
0,239566,31911598
0,192143,0
0,217316,0
0,242454,0
0,167948,0
0,212849,0
0,38730,0
16800000,229297,51029361
0,61991,0
0,61050,0
0,36964,0
0,60287,0
0,78075,0
0,139997,0
0,265169,0
0,159160,0
0,53576,0
4161012,252822,0
0,253306,0
10750000,94196,0
0,64934,0
0,84986,0
0,18628,0
22000000,228194,88880821
0,242643,4571025
0,192623,0
0,133786,0
0,117959,0
0,30195,0
0,151310,0
0,107891,0
5500000,193722,0
0,67822,0
0,201361,0
0,107828,0
0,42676,0
0,244610,0
0,261825,0
0,120212,0
0,161602,0
0,106337,0
0,47517,0
176000003,76757,183987723
125000000,98566,477200000
0,273404,0
500000,296778,0
0,254446,0
0,56085,0
0,243935,206909
0,112999,0
0,48347,0
0,137876,0
25000000,227156,66980456
0,62045,0
0,174337,13769
5000000,286709,0
0,53544,0
0,59701,0
0,210739,0
0,54487,0
0,81543,0
0,143295,0
0,42825,0
0,53860,0
17000000,193893,136621271
0,5800,0
0,152756,0
0,240679,0
0,124069,0
0,64129,0
0,30057,0
0,57868,0
0,42796,0
0,146428,0
0,25032,0
0,37352,0
0,198436,0
0,314285,0
0,269650,0
0,124972,0
0,22937,0
0,74767,0
0,69225,0
0,55225,0
0,292893,0
0,258805,0
0,108010,0
0,56268,0
0,242022,0
0,22555,0
0,36138,0
0,85547,0
0,162532,0
0,178606,0
0,56354,0
0,71320,0
0,81828,70
0,275619,0
0,43877,0
0,112087,0
0,292294,0
4000000,211067,9221
15,212769,122
65000000,189,39407616
0,255491,0
0,272261,0
0,213417,0
0,65210,0
11000000,249164,78874843
0,33209,0
0,257377,0
0,86997,0
0,122698,0
0,358199,0
0,290274,0
0,75785,0
0,123561,0
0,95372,0
0,265010,0
0,157823,0
0,31937,0
0,176069,0
0,85765,0
0,82760,0
0,44022,0
0,32142,0
0,360380,0
0,211065,0
0,297677,0
0,198460,0
0,76329,0
0,209244,0
0,41810,0
0,203245,0
0,197696,0
7000000,221902,6860853
0,257668,0
0,29705,0
0,60228,0
0,259761,0
0,56702,0
0,297167,0
0,288427,0
0,245184,0
0,83310,0
0,98355,0
0,220289,102617
0,202125,0
0,262357,0
0,38467,0
0,174326,0
0,91207,0
0,127812,0
0,25747,0
0,180856,0
0,261101,0
6500000,282813,13865435
0,124470,0
0,39398,0
12000000,209189,265452
0,273621,0
5000000,256274,40100000
0,89092,0
0,64973,0
0,64522,0
0,285692,0
0,38462,0
0,40951,0
0,47571,0
0,74950,0
0,252956,0
0,273656,0
0,242090,0
0,46737,0
0,119700,0
0,189277,0
0,281468,0
0,135800,0
0,64683,0
0,88573,0
0,247182,0
0,207780,0
0,2692,0
0,254775,0
5000000,241848,2367161
0,187458,0
0,126172,0
0,250777,0
0,402857,0
325927,94590,0
0,76846,0
0,242683,0
3500000,98250,0
0,198567,0
0,174314,0
0,40218,0
0,173300,0
0,116569,0
0,147106,0
0,56364,0
0,285597,0
0,117969,0
0,49503,0
0,203024,0
0,201283,0
0,177335,0
0,242131,0
0,118245,0
0,35568,0
0,329227,0
0,76047,0
0,291162,0
0,285946,0
0,242475,0
0,286402,0
0,57277,0
0,107146,0
0,52686,0
0,124295,0
0,47860,0
0,238561,0
22000000,204922,15447154
0,288916,0
0,267539,0
5000000,199933,846704
0,212530,0
0,216859,0
0,234200,7523634
50000000,216282,160602194
0,283384,0
0,188839,0
28000000,192145,1749201
1000000,254191,9318
0,244517,169976
0,80853,0
12600000,154400,19054534
0,80318,0
0,98116,0
0,246400,0
0,250650,0
600000,288130,0
0,184322,0
0,244772,5284309
0,287590,0
0,169314,0
0,3171,0
12000000,27740,0
0,117992,0
500000,83188,0
0,121975,0
0,180252,0
0,135418,0
0,88285,0
0,27286,56386
0,71181,0
0,2965,0
0,32109,0
0,72472,0
0,33814,0
0,29328,0
0,16091,0
0,96600,0
0,72114,0
0,179799,0
0,269710,0
0,196325,88000000
0,87151,0
34000000,198663,348319861
13200000,136835,53830415
1000000,244506,59744
0,54336,0
0,166643,0
0,171061,0
0,55222,0
0,13434,0
0,193827,0
0,79611,73000
0,26376,0
0,109565,0
0,34064,0
0,179519,0
0,16986,0
0,79016,0
0,343693,0
0,248504,0
0,270302,2146041
28000000,169917,53181600
0,223632,0
5000000,282296,7527232
0,95966,0
0,261855,0
0,358724,0
0,261770,0
0,265832,0
0,244264,1066981
0,60859,0
0,124019,0
0,85633,0
0,215935,0
0,245859,0
0,264767,0
0,285026,0
0,29835,0
0,287831,0
0,276843,1289998
200000,26750,0
0,154653,0
0,32891,0
0,279967,0
0,211879,0
0,265189,1359497
0,13914,0
0,2195,0
0,12523,0
0,8948,0
0,84857,0
0,117464,0
0,19996,0
0,237202,0
0,127105,0
0,94069,0
0,42553,0
5000000,111479,40400
0,182799,0
0,67493,0
16000000,264656,3442853
0,68004,0
10000000,230779,0
0,127798,0
0,87621,0
0,54561,0
0,38654,0
0,257451,0
0,103701,0
0,116352,0
0,69559,0
0,251981,0
15000000,254904,32556119
0,18374,0
0,42648,0
0,42493,11000000
0,157825,33821
0,116351,0
0,17200,0
0,52314,0
0,282041,0
0,198182,0
0,292483,0
0,284427,0
0,222461,0
0,287877,0
0,60828,0
0,64835,0
3000000,270668,0
60000000,170687,108255770
49300000,149871,24186232
0,37702,0
0,241261,0
0,174324,0
0,219054,0
0,199415,0
0,27212,0
0,110887,0
0,84540,0
0,205004,0
0,69328,0
0,116350,0
0,47703,0
0,20372,0
0,102913,0
0,102024,0
0,209440,0
19800000,239678,41296320
0,93115,0
0,179822,0
0,53042,0
0,230295,0
0,295507,0
0,15916,0
0,140481,0
0,142375,0
0,123742,0
0,267480,332710
0,15478,0
1000000,57812,0
0,126141,0
0,157424,0
58800000,190859,542307423
0,263855,0
2800000,246403,1826705
0,42416,0
0,37630,0
0,254375,1124445
0,210911,7865
0,65485,0
0,58509,0
0,250666,0
0,42581,0
0,43259,0
0,140513,0
0,271397,0
0,215928,0
0,253312,0
0,149509,0
6500000,250546,255273813
0,158997,0
0,8445,0
0,86493,0
0,26730,0
0,44445,0
0,104378,0
0,22758,0
0,28690,0
0,43749,0
0,151368,0
0,244534,0
0,286554,18612
0,91878,0
0,56386,0
0,50079,0
0,52315,0
0,26615,0
0,84062,0
0,234284,0
70000000,49017,215529201
0,88375,0
0,98069,0
0,38455,0
0,33386,0
0,1285,0
0,227300,0
0,107034,0
0,83613,0
0,108933,0
0,63360,0
0,118257,0
0,169250,0
7000000,262543,0
18000000,241254,266586800
0,152745,0
0,100341,0
25000000,227707,6399
0,25148,0
0,28044,0
0,33691,0
0,27371,0
0,109364,0
0,107928,0
0,131887,0
0,38084,1738897
0,43922,0
0,156360,0
0,75710,0
0,39958,0
0,73818,0
0,47525,0
0,25450,0
0,244761,1075178
0,251852,0
0,153532,0
0,188598,0
5500000,206487,3000000
33,204436,0
10000000,8063,0
0,249719,0
4700000,293271,0
0,206284,0
0,53187,0
0,254611,0
0,297263,0
0,125607,0
0,53222,0
0,46247,0
0,79818,0
0,81246,0
0,52318,0
0,271007,0
0,21394,0
0,26111,0
0,108798,0
22000000,146381,0
0,108648,0
0,273641,0
0,54113,273644
0,169883,0
0,34658,0
700000,62967,0
0,48585,0
0,110073,0
0,246741,3333000
0,276496,0
0,282376,0
0,37925,0
0,43398,0
0,261038,0
0,23996,0
26000000,239571,35926213
20000000,245891,88761661
10,208869,0
0,62655,0
0,286654,0
0,91322,0
0,38551,0
50000000,205587,83719388
0,157829,985007
0,244268,2262223
0,15377,0
0,35847,0
0,256,0
0,295538,0
0,293205,0
0,36072,0
68000000,228150,211817906
0,298317,0
10500000,266285,42070000
0,75007,0
30000000,215211,0
0,224282,0
13000000,239563,54837234
0,250989,0
0,215379,0
0,16049,0
0,252102,0
0,203186,0
1500000,126323,0
0,33387,0
0,38457,0
0,33388,0
0,33389,0
0,33392,0
0,147923,0
0,62692,0
0,438012,0
0,115232,0
0,275318,0
0,156597,0
0,54557,0
0,28302,0
0,38458,0
0,33393,0
0,33394,0
0,38461,0
0,38463,0
0,38454,0
0,81707,0
0,47455,0
0,74276,0
0,259442,0
0,22072,0
0,36323,0
0,204762,0
225000,28437,0
0,124124,0
28000000,218778,100654149
0,267333,0
0,267336,0
0,284785,0
0,35017,0
0,117869,0
16000000,218043,19682924
0,47454,0
0,326038,0
0,76207,0
0,115214,0
0,245844,0
0,118658,0
0,292445,0
176199,224946,0
0,74790,0
4000000,285025,0
0,253292,0
0,161426,0
0,265016,0
0,91237,0
0,127862,0
0,61138,0
0,289727,4453524
0,258193,0
0,39262,0
0,31275,0
0,142946,0
0,39263,0
0,299203,0
0,2813,0
5000000,242512,103590271
0,273997,0
750000,250578,0
0,274127,0
0,15021,0
0,46314,0
8000000,54445,0
8500000,242582,38697217
0,252457,0
0,152736,0
0,3937,0
0,129943,0
0,94513,0
0,129945,0
0,41097,0
0,51576,0
9000000,36523,1964253
165000000,177572,652105443
0,27501,0
0,298538,0
0,49706,0
4000000,236735,5169755
0,241742,0
0,31446,0
0,31024,0
0,115549,0
50000000,228326,97437106
0,200727,4439431
0,217923,72287783
0,69017,0
0,304850,0
0,225044,28208
0,273271,0
0,143516,0
0,203912,0
0,17278,0
0,268735,0
0,169066,0
0,149087,0
0,72270,0
0,22599,0
0,81424,0
0,48504,0
0,173491,0
15000000,264660,36869414
1400000,284306,0
0,41558,0
0,40081,0
0,159304,0
0,48488,0
0,207752,0
0,27805,0
0,102851,0
0,41023,0
0,32069,0
0,190173,0
0,12314,0
0,52996,0
0,253254,8251
0,208286,0
0,212846,0
89,257874,0
0,38890,0
0,84944,0
0,71098,0
0,87060,0
0,63140,0
0,268272,0
0,3576,0
0,413669,0
295000,234862,0
0,245700,5405500
0,224414,0
0,251232,0
50,278772,0
0,38456,0
0,33708,0
0,21250,0
0,37193,0
0,83228,0
0,83226,0
0,180305,0
0,92401,0
0,77887,0
0,116440,0
0,82424,0
0,98622,0
0,89888,0
0,17082,0
0,273510,0
0,103081,0
0,141950,0
0,93407,0
0,122843,0
0,52475,0
3600000,14575,0
6000000,58626,0
0,20270,0
0,157058,0
0,41244,0
0,27310,0
500000,55069,0
5200000,151933,0
0,260063,0
0,230731,0
0,14830,0
0,77499,0
0,264646,0
0,275287,0
0,42313,0
0,12450,0
0,61495,0
0,19164,0
0,19165,0
0,17337,0
0,31473,0
0,27653,0
0,196830,0
0,57483,0
0,42903,0
0,79365,0
0,171581,0
0,56212,183640
0,20994,0
0,199575,0
12000000,178446,0
10000000,17108,22896728
0,280795,0
0,123366,0
0,97414,0
0,34995,0
0,72977,0
0,67669,0
4411044,188102,0
0,41497,0
0,244563,0
0,99819,0
0,256311,0
0,130747,0
0,42542,0
0,159140,0
3600000,103686,24267
0,56481,0
0,42757,0
3700000,177865,0
0,86616,0
0,101307,0
914,138754,0
0,68197,0
0,166560,0
0,222731,0
0,297265,0
500000,54625,0
4500000,25754,0
0,25752,0
0,25751,0
0,70575,0
2500000,25753,0
0,45181,0
0,4956,0
0,55596,0
0,149023,0
0,71114,0
0,64679,0
0,15460,0
0,39213,0
0,74974,0
0,32079,64227
0,119213,0
0,131475,0
0,59996,0
0,144471,0
7700000,158426,0
0,41035,0
0,39239,0
0,26298,0
0,61415,0
0,65612,0
0,53412,0
0,53406,0
0,53387,0
0,244838,0
0,244836,0
0,154188,0
0,253959,0
0,199336,0
0,293028,0
0,256679,0
0,12076,0
0,55472,0
0,51649,0
0,25896,0
0,172008,0
4000000,201847,0
3100000,250608,0
0,69204,0
0,289314,0
0,265180,0
0,147533,0
0,216156,0
0,140979,0
0,57563,0
24000000,87492,12096300
0,80680,0
0,68715,0
0,122047,0
12000000,44092,0
0,31418,235432
0,63069,0
0,53853,0
0,196802,0
0,112501,0
0,31879,0
0,106635,0
0,81113,0
0,97193,0
0,43863,0
8000000,199534,9630444
0,95874,0
0,82239,0
0,90523,0
0,14459,0
0,41234,0
0,87925,0
0,57749,0
16000000,185567,0
0,140276,0
0,27341,0
80000000,77951,126546518
0,52010,0
0,75258,0
0,25475,0
0,50114,0
0,99785,0
15000000,41545,0
0,41842,0
0,59101,0
0,85518,0
0,292498,0
0,63787,0
0,71034,0
0,91580,0
0,50119,0
0,17699,0
0,14666,0
0,61856,0
0,36597,0
0,105528,120680
0,57573,0
0,160019,0
0,134688,0
0,15501,0
0,18434,0
0,16080,0
0,232866,0
0,89602,0
0,74295,0
0,101330,0
0,109809,0
0,59838,0
9,2089,0
0,290729,0
2500000,293633,0
0,152943,0
0,290542,11486
0,35917,0
0,52364,0
0,57738,0
0,24091,0
0,183662,0
0,72103,0
0,20362,0
0,173761,0
0,25391,0
0,64160,0
0,64161,0
0,64372,0
0,31775,0
0,255476,0
0,253899,0
0,38470,0
0,125257,0
0,207933,0
0,49585,0
0,36407,0
0,136743,0
0,238203,0
0,107413,0
0,205819,0
0,238628,0
0,260001,8265
0,286817,0
0,57875,0
12000000,256092,0
0,198225,0
0,248870,0
0,183108,0
0,61525,0
0,156317,0
0,145762,0
20,127375,0
0,299313,0
0,148326,0
0,222772,0
0,25553,0
0,107682,0
0,180427,0
0,209271,0
0,195068,0
0,52989,0
0,33570,0
0,172226,0
0,91343,0
0,40661,0
0,188066,0
0,156356,0
0,230743,0
0,85910,0
0,290862,0
0,199851,0
0,112735,0
22361,96239,721651
0,128154,0
2000000,180147,0
0,227094,0
0,244801,0
0,141152,0
0,25353,0
0,193223,0
0,272692,0
0,79723,0
1850000,50400,0
0,258070,0
0,76424,0
0,68097,0
0,264309,0
0,2516,0
0,251260,0
0,87799,0
30000000,203793,68129518
2000000,226948,0
0,249266,0
0,130813,0
0,35632,0
0,44888,0
0,11813,0
0,43453,0
0,194393,0
0,99258,0
600000,29032,0
0,280134,0
0,28668,0
0,56154,0
0,108852,0
0,154515,0
0,43193,0
0,70512,0
0,73103,0
0,38471,0
0,73997,0
0,27105,0
3000000,30302,0
0,45256,5275000
0,57789,0
0,61233,0
0,257093,0
0,263915,0
0,167581,0
0,258358,0
0,30855,0
0,241842,37473
0,32182,0
0,109500,0
0,16432,0
0,20053,0
0,47553,0
0,90652,0
0,28768,0
0,85162,0
0,78522,0
0,65214,0
0,64075,0
0,38460,0
250000,56929,0
0,40644,0
0,103236,0
0,85651,0
0,34623,0
0,130474,0
0,37133,0
0,18122,5873871
0,240510,0
0,84111,0
6629445,82450,0
0,103972,0
0,207263,0
0,37128,0
3000000,15476,0
0,69065,0
0,77067,0
0,117007,0
0,20342,0
25000000,98344,0
500000,273922,0
0,91316,0
0,34650,0
0,11115,0
0,42734,0
0,62804,0
0,22515,0
0,209367,0
0,25646,0
0,202744,0
0,16639,0
0,104329,0
0,73091,760000
0,291155,0
0,164251,176391
0,88486,0
0,197489,0
0,59159,0
0,84352,0
14000000,205596,233555708
20000000,171274,11110975
0,287495,794452
0,14808,0
22000000,34182,0
0,262551,0
0,38125,0
0,28778,0
0,30972,0
0,83519,0
5000000,244403,0
6000000,58760,0
900000,81347,0
125000000,131631,752100229
0,48135,0
15000000,28019,0
0,41077,0
0,36132,0
0,28967,0
0,270403,0
0,222649,0
0,294959,0
0,273334,0
0,295315,0
0,58433,0
0,288281,0
0,237791,0
0,140222,0
0,188538,0
7000000,186161,0
0,56178,0
0,77412,0
0,121020,0
0,33001,0
0,20675,0
0,43075,0
0,114302,0
140000000,147441,268031828
0,46217,0
0,60479,0
0,206563,0
0,39298,0
0,265195,27007072
0,17234,0
0,298077,0
10400,157305,0
0,212167,0
0,250657,0
175000,55152,0
0,58700,0
0,78399,0
0,143451,0
0,183111,0
0,183113,0
0,183119,0
0,90978,0
0,52853,0
0,72638,0
70,232100,0
0,49431,0
0,9742,0
0,17009,0
0,167963,0
0,57106,0
0,165477,0
0,143453,0
0,244001,0
0,203179,0
0,183127,0
0,202573,0
0,162406,0
0,162437,0
0,21811,0
0,162442,0
0,162435,0
0,86532,0
0,55538,0
0,22585,8533973
0,203766,0
40000000,100042,169837010
0,233423,15000000
3700000,30449,0
0,128606,0
0,206821,0
0,55308,0
0,289575,0
0,284246,0
0,103528,0
7750000,79544,0
0,79475,0
0,258086,0
0,184061,0
2000000,261037,0
0,301566,0
0,38459,0
5000000,80920,1189612
0,256913,0
0,14524,0
500000,15741,0
1000000,114750,0
2200000,13617,0
0,17893,0
0,40074,0
0,17808,0
0,209361,10900434
0,15199,0
0,14142,0
0,14539,0
0,214096,0
0,22609,0
0,43768,0
0,288691,0
0,157380,0
0,128142,0
0,190870,0
0,285843,0
0,211411,0
0,248211,0
0,139930,0
0,166627,0
0,268174,0
0,157045,0
15000000,266856,123726688
0,272602,0
0,182349,0
0,149940,0
560000,13646,1500000
0,56152,0
0,66707,0
0,64928,0
0,282848,0
36000000,227735,52424533
0,158439,0
0,69060,0
0,100416,0
0,200044,0
15000000,232679,30127963
1300000,192558,16000000
0,193726,7171
0,228813,0
0,102410,0
0,20789,0
0,17175,0
0,40925,0
0,7267,0
1720666,15149,0
0,204768,0
20000000,201759,0
0,202215,0
0,283726,0
0,289153,0
0,15011,0
0,295087,0
0,13835,0
6500000,140818,3721345
15000000,18940,0
0,14866,0
28000000,45127,0
1500000,17780,0
0,19222,0
0,17143,0
20000000,36683,31244858
4000000,15542,0
0,18232,0
0,263614,0
30000,23515,0
0,10258,0
0,32080,0
0,267806,2756
0,159153,0
0,72933,0
0,250833,0
0,136459,0
0,48186,0
0,29596,0
0,98404,0
0,191037,0
0,17963,0
0,253256,0
0,254194,0
0,151679,0
0,242828,561085
10500000,241868,0
82000000,119892,0
0,110416,857522
0,304023,0
0,252391,0
0,142507,0
0,155890,0
5000000,137769,0
7000000,241771,14618727
0,54658,0
0,90816,0
0,40383,0
0,159121,29494
100000000,205775,93820758
0,55317,0
0,66129,0
0,45368,0
0,105001,0
0,228445,0
0,80957,0
0,33838,2608000
0,114324,0
0,141868,0
0,101135,0
0,214081,0
0,24047,0
0,77348,0
0,81244,0
0,50291,0
0,230846,0
0,87235,0
0,22460,0
0,221240,0
0,303623,0
0,148430,0
0,80787,0
0,251736,0
0,99977,0
150000,61644,0
0,79151,0
0,100292,0
2800000,52444,0
150000000,135397,1513528810
0,215032,0
0,293310,3003169
0,117678,0
8806000,129966,0
0,198130,0
0,46473,0
0,21861,0
30000000,170522,0
1,78646,0
0,297608,0
0,73452,0
0,158967,0
0,250643,0
0,294600,0
0,41608,0
0,42332,0
0,294538,0
0,63484,0
35000,45167,0
67000000,9510,0
0,13610,0
0,184992,0
0,254435,0
800000,43212,4214668
0,16877,0
42000000,227159,107670357
0,83451,0
500000,139715,0
0,34651,0
0,29060,0
0,50571,0
0,17925,0
0,44131,0
0,136525,0
0,68340,0
0,68337,0
0,68242,0
0,89059,0
0,237796,0
0,40102,0
0,143092,0
0,109441,0
300000,84742,0
0,88107,0
0,180607,0
0,164073,0
0,19273,0
0,27996,0
0,183190,0
0,35801,0
0,235679,0
0,10473,0
0,34652,0
0,46302,0
0,21791,0
0,66018,0
0,120785,0
0,43343,0
0,72892,0
0,94201,0
3000000,102629,0
0,58058,0
0,140814,0
0,19554,0
11500000,37641,0
0,45120,0
0,33111,0
0,133831,0
0,63273,0
0,22124,0
0,161422,0
1390000,121250,0
0,116385,0
1875600,81182,0
0,121992,0
0,6110,0
0,96433,0
5000000,238589,0
0,171594,0
1000000,76815,0
0,71316,0
0,155130,0
0,238185,0
0,31462,0
0,167935,0
0,78327,0
0,81110,0
0,211247,0
0,27446,0
500000,134355,0
0,111750,0
0,81038,0
0,146946,0
79000,219343,170000
0,38636,0
340000,254582,0
0,163068,0
0,49467,0
0,25518,0
132000000,270946,373552094
0,238222,0
0,75364,0
0,267355,0
0,299618,0
9000000,253331,21571189
0,268386,0
0,296136,0
0,252178,1625847
0,259610,0
22500000,256917,15520023
0,39849,0
0,173912,0
0,75491,0
0,278086,0
5000000,284293,43884652
0,40192,0
0,300441,0
55000000,116149,259207227
0,204965,0
0,135714,0
0,203834,0
61000000,294254,311256926
0,159100,0
3000000,302496,0
0,147778,0
0,99922,0
0,28526,0
0,89280,0
0,193411,0
0,93114,0
0,284995,0
0,307087,0
0,150338,0
0,212843,0
0,79218,0
0,105770,0
0,169860,0
0,306650,0
0,35856,0
0,265449,0
0,92459,0
0,137357,0
0,100257,0
0,43450,0
0,157283,0
0,80031,0
0,181876,0
0,27917,0
0,69784,0
0,123432,0
0,27884,0
0,64851,0
0,28909,0
0,68339,0
0,252721,0
0,40953,0
0,191186,0
0,27261,0
0,185546,0
0,171075,0
0,82966,0
0,118337,0
0,244458,0
0,20886,0
0,185057,0
0,67869,0
0,139169,0
0,131194,0
0,230836,0
0,139380,0
0,41272,0
0,84154,0
0,276922,0
0,303742,0
0,257296,0
1300000,136476,0
0,257442,0
0,96846,0
0,240820,0
0,289416,0
0,99879,0
0,70966,0
0,20077,0
0,171308,0
0,86236,0
0,11616,0
0,170582,0
0,266108,0
0,163870,0
0,250798,0
0,277846,0
117,282297,0
0,123581,0
0,253295,0
0,262088,0
0,189133,0
0,146916,0
0,198171,0
0,173805,0
0,38986,0
0,74092,0
0,307114,0
0,306963,0
6600000,246860,1851517
15000000,297596,0
0,100110,0
0,210908,0
0,47259,0
0,262840,0
0,42057,0
0,207774,0
1550000,193040,0
3500000,82469,0
0,52009,0
0,169310,0
0,123107,0
20000000,181009,0
0,68590,0
0,58200,0
0,57387,0
0,2139,0
0,151730,0
0,171357,0
0,17135,0
0,44503,0
0,308792,0
0,63194,0
0,46760,0
0,134375,0
0,37176,0
0,100270,0
0,270005,0
0,110552,3302463
0,136278,0
300000,86305,0
0,17792,0
0,74035,0
7000000,110402,1310673
0,255940,0
0,14228,0
0,39195,0
0,78247,0
0,188832,0
0,305276,0
0,190000,0
5000000,245916,2450846
0,183412,0
1059300,241448,0
0,4683,457163
0,96011,0
0,150108,0
0,48443,0
0,39928,0
0,116762,0
0,55322,0
0,65275,0
0,252511,0
0,158483,0
0,23076,0
0,99261,0
0,46570,0
0,124207,0
0,89652,0
0,42438,0
0,99361,0
0,96477,0
0,74018,0
0,55689,0
0,104866,0
0,3541,0
0,74417,0
0,15261,0
0,241953,0
0,58702,0
0,128555,0
0,42499,0
0,56971,0
0,106970,0
0,42441,0
0,38366,0
0,121510,0
0,105398,0
0,28844,0
0,118802,0
0,145677,0
0,260893,0
0,105906,0
0,268662,0
0,48935,0
0,78566,0
0,101231,0
0,285423,0
0,253272,0
0,215016,0
0,69040,0
0,84425,0
0,104398,0
0,247437,0
0,145337,0
5000000,289728,0
4000000,214086,350006
0,43441,0
0,212950,0
0,58414,0
0,74071,0
250000000,122917,956019788
0,40456,0
20000000,273895,66787908
65000000,227306,163442937
0,246080,1171559
0,225499,0
0,305127,0
0,40130,0
5300000,60041,0
0,112054,0
0,18450,0
0,93142,0
0,96132,0
0,29482,0
0,102949,0
0,105078,0
0,98273,0
0,63260,0
0,56431,0
0,283281,0
0,103678,0
0,250538,0
0,308165,0
0,266782,0
0,298445,0
0,240982,0
0,241574,0
0,118134,0
0,304336,0
0,146121,0
400000,15603,7888102
0,22285,0
0,83007,0
0,32624,0
0,76750,0
6000000,29293,0
0,67314,0
0,42710,0
0,228634,0
0,128264,0
0,74681,0
0,277547,0
0,30545,0
0,29542,0
0,9940,0
0,118751,0
0,23523,0
0,24388,0
0,39885,0
0,47057,0
0,65456,0
400000,47491,0
0,121620,0
0,72153,0
0,27739,0
0,144114,0
0,106685,0
0,136106,0
0,60629,0
9000000,137347,0
0,219043,0
0,295144,0
0,20000,0
0,28652,0
937000,295698,0
0,292191,0
20000000,172391,27187375
1000000,252171,395000
0,30174,0
4000000,280218,0
0,182528,0
0,20147,0
0,34505,0
0,26366,0
0,32916,0
4900000,265177,3494070
20000000,241239,12007070
15000000,228970,52501541
0,59940,0
0,68750,0
0,24486,0
0,28791,0
14000000,15056,0
13000000,2699,0
0,253290,0
0,174678,0
0,284296,25434291
0,308571,0
0,311021,0
0,246213,0
0,127817,0
0,210126,0
0,246648,0
0,132038,0
0,148176,0
0,94818,0
0,162755,0
0,223243,0
0,51406,0
0,214948,0
0,218658,0
0,211017,0
0,128679,0
0,215061,0
0,255496,0
0,40210,0
0,266044,0
2700000,190469,0
0,294308,0
0,292063,0
0,61086,0
10000000,87093,28883511
0,205349,0
50000000,224141,212902372
0,285532,0
0,61925,0
0,52914,0
0,255906,0
0,50758,0
0,52913,0
0,52238,0
0,165159,0
0,62715,0
0,127760,0
0,62725,0
0,46001,0
0,58083,0
0,52113,0
0,11613,0
0,53342,0
0,9807,0
0,82083,0
0,17681,0
0,243684,461162
0,35069,0
0,257561,0
0,257563,0
0,171846,0
0,125150,0
0,106196,0
0,24179,0
0,312497,0
44000000,228967,12342632
0,177043,0
81000000,207703,414351546
0,242555,0
0,85336,0
0,40387,0
0,191489,0
127000000,181533,349424282
0,293380,0
0,174309,0
0,59169,0
0,125154,0
0,122348,0
0,51239,0
0,222216,12666
0,34515,0
0,180951,0
0,46127,0
0,19444,0
0,42309,0
0,267863,0
0,67753,0
0,132936,0
0,81116,0
0,274985,0
0,212503,0
0,142119,0
0,261820,0
0,120605,0
200000,307113,0
0,259018,0
0,175555,0
0,277368,0
0,145162,0
0,13759,0
0,129062,0
0,241432,0
0,44936,0
0,18755,0
0,53527,0
0,90932,0
0,182099,0
0,141058,0
0,110323,0
8000000,51090,0
0,14669,0
0,212606,0
3,60119,0
0,215538,0
0,65821,0
0,52622,0
25000000,51017,53213633
0,26540,0
0,81393,0
0,62836,0
0,302118,0
0,33582,0
0,145186,0
0,158828,0
700000,243856,0
0,32113,0
0,21240,0
0,38503,0
0,94674,0
0,71841,2390525
0,131944,0
0,280495,0
0,18969,0
0,168885,0
0,123868,0
0,88253,0
0,197647,0
0,51416,0
0,30102,0
0,168408,0
0,36294,0
0,11612,0
0,114285,0
0,82676,0
0,52228,0
0,225898,0
0,63727,0
0,149600,0
0,40474,0
0,199155,0
0,131903,0
0,92286,0
0,250114,0
0,280000,0
0,47365,0
95000000,68737,114178613
2500000,64264,4684165
0,149170,0
0,91261,0
0,19338,0
0,37529,0
0,266080,0
0,214761,0
0,55553,0
0,278334,0
0,176079,0
0,73661,0
10,136741,0
0,78093,0
0,33990,0
0,159211,0
0,57008,0
0,101791,0
0,99194,0
0,82492,0
0,16825,0
0,240906,0
0,16412,0
1000000,115084,0
8500000,298533,0
0,41897,0
0,280509,0
0,79376,0
0,43281,0
0,84193,0
0,99946,0
0,201018,0
0,241804,0
0,18948,0
0,43968,0
0,39342,0
600000,86209,0
0,211085,0
0,21176,0
0,144595,0
0,25797,0
0,28535,0
0,129579,0
0,121342,0
0,58080,0
0,105860,0
0,75754,0
0,80067,0
0,19946,0
0,39973,0
0,27905,0
0,67180,0
0,67219,0
0,43548,0
0,64666,0
0,197335,0
0,82341,0
0,67221,0
0,84729,0
0,275239,0
0,48805,10743767
0,272165,0
0,101125,0
0,75136,0
0,75137,0
0,75138,0
0,69787,0
0,153936,0
0,151068,0
5000000,300706,0
0,64998,0
10000000,227359,0
0,208637,0
0,286532,0
950000,271185,0
0,63340,0
0,70984,0
0,13383,0
0,96921,0
0,111022,0
0,85654,0
0,30305,0
0,190165,0
14000000,15888,9216
0,33730,0
0,135047,0
0,266031,0
0,287486,0
0,287301,0
0,289183,0
0,137614,0
495000,300487,0
3200000,293491,0
0,239498,0
0,82967,0
0,248833,0
0,92321,0
65000000,196867,133821816
0,28532,0
13000000,297222,120000000
0,126927,0
0,201076,0
0,283712,0
0,224903,92100
0,296626,0
0,42996,0
0,130064,0
0,64091,0
0,84100,0
0,48854,0
65000000,116977,73706
0,81878,0
0,27399,0
20000000,17806,0
0,65186,0
0,95060,0
0,272663,0
0,72474,0
0,51175,0
0,106821,0
0,124115,0
0,29365,0
0,98010,0
0,42706,0
0,29628,1645711
0,276918,0
0,186845,0
0,252529,0
0,173732,0
380000,31821,0
0,288581,0
0,307127,0
0,43635,0
0,266040,0
0,153854,0
0,251959,0
0,253065,0
0,125891,0
0,46616,0
750000,244049,12000000
0,149854,0
0,21605,0
0,22058,0
0,28763,0
12000,135832,0
0,75298,0
1000000,19365,0
150000,157674,0
8500000,209293,0
0,59439,55282
0,276908,0
0,42811,0
0,240881,0
0,274478,0
0,56539,0
0,106136,0
0,49391,0
0,162059,0
0,16365,0
0,152986,0
0,142012,0
0,54165,0
0,105404,0
0,16460,0
0,26728,0
0,19993,0
0,133704,0
0,28630,0
0,37238,0
0,31609,0
0,94568,0
0,50392,0
0,159638,9195
8000000,303542,0
0,17825,0
49000000,198184,104399548
0,130925,0
0,141423,0
0,256835,0
0,241930,0
0,265297,1059804
0,42012,108154
0,81586,0
0,128946,0
0,42759,0
0,39485,0
0,36339,0
0,252746,0
0,73027,0
0,190474,0
0,121611,0
0,268536,0
0,253454,0
7500000,232175,1359910
0,18682,0
0,95997,0
500000,117942,0
2450000,61038,0
0,33709,0
0,130452,0
0,69878,0
0,111317,0
0,150247,0
0,222370,0
0,127150,0
0,148777,0
5000000,207871,0
0,209686,0
0,285700,0
0,226227,0
0,199291,0
0,125034,0
0,121727,0
48000000,260346,325771424
70000000,201088,17752940
0,188984,0
0,147903,0
0,259912,0
0,197737,0
0,213603,0
0,144610,0
0,36463,0
0,315360,0
0,72240,0
0,126644,0
0,73198,0
0,71886,0
0,127808,0
0,315057,0
0,315044,0
0,216736,0
0,38898,0
0,193348,0
0,278329,0
0,26700,0
0,294652,0
0,284793,0
0,115132,0
0,38267,0
0,66969,0
0,92251,0
0,48714,0
0,48717,0
155000000,87101,440603537
0,71456,0
0,118943,0
0,26621,0
0,86705,0
0,66965,0
0,75874,0
0,27317,0
0,92452,0
0,36575,0
0,191120,0
0,149362,0
0,78531,15504
1000000,288158,26501323
0,68352,0
0,126432,0
0,203534,0
0,20177,30955
0,62934,0
0,84209,0
0,116723,0
0,3057,0
0,125458,0
0,199591,0
0,24023,0
0,24026,0
0,11752,0
0,142563,0
0,157301,0
1700000,9755,0
400,123634,0
0,8767,0
0,43629,0
0,187156,0
0,241287,0
0,774,0
0,163250,0
0,261207,0
0,37775,0
0,37768,0
0,37777,0
0,59040,0
0,23273,0
0,62491,0
0,56825,0
0,60014,0
0,56551,0
0,58189,0
0,56804,0
0,58081,0
0,42674,0
0,44933,0
0,22728,0
0,43544,0
0,38327,0
0,20414,0
0,36298,0
10495000,93855,0
0,267573,0
0,221437,0
0,255456,0
0,43477,0
0,261768,0
0,199925,0
0,211710,0
0,267872,0
0,38187,0
0,30091,0
0,38183,0
0,38190,0
0,51939,0
0,38185,0
0,251555,2483130
0,132601,0
0,84197,0
0,137079,0
0,21447,0
0,14749,0
0,298935,0
0,293861,0
0,51213,0
0,55316,0
0,44522,0
0,31270,0
0,33336,0
26000000,208763,34592118
0,80145,0
0,212756,0
0,42863,0
0,20693,0
2300000,264048,0
0,289394,0
0,107255,0
0,64926,0
0,96546,0
0,120539,0
0,78358,0
0,43900,0
0,43153,0
0,84875,0
0,67756,0
0,65703,0
0,50107,0
0,88209,0
0,23107,0
0,101598,0
0,36635,0
0,37482,0
0,274007,0
0,50327,0
0,13654,0
0,65611,0
13000000,54518,98441954
0,19824,0
0,101660,0
5000000,4226,0
0,230222,0
13000000,13360,0
0,18729,0
10000000,15434,0
0,85373,0
0,24655,0
0,244688,0
0,29988,0
10,78383,10000000
0,125509,0
0,50326,0
0,25373,1
0,200085,0
0,151044,0
13000000,5139,0
0,115520,0
0,257648,0
0,181330,32230907
10500000,121734,23000000
0,140161,0
8400000,70008,0
0,18015,0
0,60575,0
1000000,250225,0
0,256876,694600
0,161529,0
0,33932,0
0,174645,0
0,19033,0
15,72359,0
0,9817,0
0,24116,0
0,10055,0
0,39227,0
1300000,53459,0
0,239562,16337881
3000000,209901,1675381
0,14025,0
0,25597,0
0,32304,0
0,161321,0
0,15426,0
0,15616,0
10000000,51250,0
0,19066,0
0,52916,0
6000000,77879,0
0,293262,7205
0,209416,0
0,91259,0
2000000,270303,14674076
0,194817,0
0,269173,0
0,54415,0
0,152273,0
0,24745,0
0,75074,0
3500000,98582,0
0,28635,0
0,31183,0
0,119738,0
0,287084,0
0,110393,0
11340000,139662,0
3000000,14440,0
0,19288,0
0,26588,0
0,38166,0
2000000,18616,0
0,22175,0
3000000,27770,0
0,37526,0
9000000,16191,26055
2500000,146631,0
0,38602,0
0,30934,0
0,29919,0
0,65762,0
0,115531,0
0,253153,0
0,68189,0
0,86240,0
0,9076,0
0,56624,0
0,222715,0
0,92968,0
0,98612,0
0,114982,0
0,59298,0
0,38020,0
9000000,160704,48965210
0,242452,0
0,118139,0
0,269165,0
0,185207,0
0,276819,0
0,3483,0
0,63139,0
0,44678,0
0,19254,0
0,19300,0
0,26190,0
0,61411,0
0,47212,1262091
0,88359,0
0,25441,0
0,47891,0
0,114286,0
0,234567,0
25000000,277432,0
0,46967,0
0,32836,0
0,23338,0
0,63472,0
0,209369,0
50000,177566,0
0,113237,0
8000000,23178,0
0,86131,0
0,61550,0
0,15671,0
0,174594,0
0,64084,0
0,58231,0
0,86901,0
0,68659,0
0,147764,0
0,109161,2228951
0,237925,0
0,15558,0
0,29077,3558669
0,38157,0
0,91979,0
0,243568,0
600000,31179,809000
0,36251,0
1500000,32845,0
0,29083,0
0,111443,0
0,47914,0
0,42185,0
2000000,14862,0
0,26817,0
0,13903,0
0,41275,0
1600000,269495,0
0,229839,0
0,254188,0
0,167683,0
0,215931,0
0,4344,0
0,3539,0
0,12115,0
0,80472,0
0,48193,0
0,260872,0
0,292133,0
0,47605,0
0,168320,0
0,158013,0
0,67298,0
0,29352,0
0,96106,0
0,105083,0
0,211179,0
0,112481,0
0,240334,0
0,48594,0
0,216440,0
0,276120,0
0,317247,0
0,287169,0
0,70738,0
9000000,58448,0
0,295689,0
0,174442,0
0,201783,0
750000,151509,0
0,247691,0
0,262176,0
0,218582,0
0,79631,0
0,137654,0
0,167882,0
0,257925,0
0,45627,0
0,104606,0
0,186691,0
0,258200,0
0,287299,0
0,241552,0
0,90949,0
0,218369,0
0,76380,0
0,102517,0
0,125229,0
0,39766,0
0,40502,0
0,44025,0
0,262454,0
0,87936,0
0,205608,0
0,200358,0
0,132709,0
0,54602,14944
0,30178,0
3000000,73290,0
0,29812,0
0,176570,0
0,24330,0
0,16174,0
6800000,56913,0
0,44919,0
0,50687,0
0,74911,0
0,25507,0
0,108789,0
0,171363,0
0,81649,0
2500000,208447,0
0,94720,0
0,52448,0
0,137651,0
0,193873,0
0,213955,0
0,142897,0
0,185110,0
0,45235,0
0,237549,0
0,177440,0
0,121369,0
0,75337,0
0,270672,0
0,185078,0
0,259593,0
0,97024,0
0,248553,0
0,248469,0
0,124998,0
0,65615,0
0,104485,0
0,87914,0
0,74759,0
0,170368,0
0,29236,0
0,290379,0
0,174762,0
0,37066,0
0,74420,0
0,205673,0
2000000,94792,0
0,44669,0
0,26385,0
0,253794,0
0,235092,0
0,79877,0
0,194481,0
0,149957,0
300000,100540,0
17000,55190,0
0,37462,0
0,117004,0
0,79327,0
0,133716,0
0,146449,0
0,220504,0
0,39442,0
0,92287,0
0,127413,0
0,126929,0
0,28486,0
5000000,55045,0
0,18598,0
0,55872,0
0,22451,0
0,14059,0
0,174343,0
3000000,21935,0
0,33546,0
0,32582,0
2500000,15166,0
0,105576,0
0,229221,0
0,58309,0
0,263065,0
0,73313,0
0,114299,0
0,25407,0
4000000,51490,0
5000000,29996,12200000
4500000,35153,0
0,19127,0
500000,54940,0
0,14407,0
0,18278,0
0,42619,0
0,81972,0
0,40578,0
0,68116,0
0,42189,0
0,42187,0
0,29052,0
0,3686,0
0,241982,0
0,45752,0
0,209401,0
0,33037,0
0,135260,0
0,64628,0
0,75958,0
0,161243,0
0,129359,0
0,315362,0
0,120657,0
0,171446,0
0,82326,0
0,219424,0
0,108822,0
0,245169,0
0,48409,0
0,136663,0
0,247604,0
0,90956,0
0,116232,0
0,138513,0
0,120990,0
0,214909,0
0,153163,0
0,90955,0
0,56599,0
0,107999,0
0,27858,0
0,63039,0
0,122192,0
0,30554,0
0,49742,0
200000,98368,0
0,72693,0
5000000,84575,0
0,33030,0
0,66945,0
0,49776,0
0,11496,0
0,133365,0
0,24649,0
0,52627,0
0,45760,0
0,47963,0
0,63339,0
0,44921,0
5000000,102222,0
0,246011,25781
0,57326,0
0,77172,0
0,27771,0
0,18684,0
0,70703,0
0,12787,0
12000000,18202,0
0,33545,0
0,96716,0
0,36835,0
0,24102,0
0,17885,0
0,44966,0
0,56529,0
0,13480,0
0,54164,0
0,7085,0
0,32139,0
0,255692,0
0,23122,0
3500000,53729,0
0,28468,0
0,27417,0
0,59424,0
0,49597,0
0,58718,0
0,25556,0
0,16004,0
0,15066,0
0,42703,0
375000,29237,0
0,62904,0
0,71461,0
2000000,43219,0
0,34734,0
0,85609,0
0,48358,0
0,47962,0
0,84905,0
0,25550,0
0,171232,0
0,149515,0
0,57016,0
0,113210,0
0,99234,0
0,29284,0
0,239706,0
0,70734,0
0,116639,0
0,44766,0
4,68202,0
0,94228,0
0,25587,0
0,38269,0
0,42305,0
0,39829,0
0,57943,0
0,24554,0
0,47003,0
0,35668,0
0,62108,0
0,42468,0
0,13013,0
0,105902,0
0,70810,0
0,106280,0
0,38932,0
0,42904,0
0,42783,0
0,65496,0
0,251768,0
0,259074,0
0,70877,0
0,42303,0
0,61168,0
500000,34128,11276
0,37404,0
0,36421,0
0,86059,5200000
0,18920,0
0,150229,0
3500000,256740,0
0,58096,0
0,36283,0
0,43448,0
0,57258,0
485000,49848,0
0,41589,0
0,51438,0
0,21518,0
0,34672,0
0,26266,0
9000000,9973,0
0,48844,0
0,70587,0
0,78047,0
0,142308,0
0,149910,0
0,71376,0
0,173793,0
2000000,26042,0
1000000,59120,0
0,60853,0
0,67659,0
0,30027,0
0,30028,0
0,31277,0
600000,73548,0
0,77874,17011
0,133446,0
0,210059,0
0,240913,0
0,283105,0
0,51768,0
0,58012,0
0,113215,0
0,113209,0
0,89872,0
0,174769,0
0,274060,0
0,246218,0
0,102078,0
0,133491,0
0,84906,0
0,35986,0
0,153228,0
0,224937,0
0,38382,0
0,49483,0
0,85429,0
0,40858,0
0,215299,0
0,109933,0
322000,5201,0
0,89743,0
0,64130,0
0,47884,0
0,84312,0
0,4529,0
0,218443,0
0,79190,0
0,78094,0
401000,56146,0
0,66812,0
0,1790,0
0,47882,0
0,112648,0
0,44663,0
0,47883,0
0,73424,0
0,98293,0
8000000,260535,0
0,90376,0
0,81010,0
0,16089,0
0,23022,0
0,136867,0
0,35405,0
0,49429,0
0,63512,0
0,4968,0
0,79521,0
0,16997,0
0,60543,0
0,28282,0
0,49050,0
0,26316,0
900000,71945,0
0,55529,0
3600000,58664,0
0,27376,0
0,29400,0
0,32978,0
0,42367,0
6,52011,0
0,60173,0
0,107096,0
0,43407,0
0,44773,0
0,38132,0
0,73257,0
0,44381,0
0,26538,0
0,69792,0
0,16309,0
0,106968,0
0,39044,0
22000000,32387,0
0,76864,0
0,25386,0
7000000,34586,15172408
0,54613,0
0,87514,0
0,3582,0
0,45568,0
0,37608,0
0,23816,0
0,71204,0
0,48374,0
0,31242,0
1000000,30402,0
0,99732,0
0,45662,0
0,44775,0
0,53953,0
0,11643,0
0,50364,0
0,171130,0
0,103934,0
0,43866,0
0,28321,0
0,61462,0
0,80601,0
0,89651,0
0,74379,0
0,65320,0
0,55685,0
0,59117,0
9272437,254869,11672363
0,109689,0
150000000,76341,378858340
10000000,280092,104303851
245000000,140607,2068223624
100000000,271969,94061311
160000000,68735,433677183
280000000,99861,1405403694
0,76600,0
230000000,166426,794191988
0,141052,0
130000000,102899,519311965
120000000,166424,167977596
58000000,293660,783112979
0,284053,0
200000000,283995,863416141
250000000,271110,1153304495
165000000,284052,677718395
178000000,246655,543934787
0,72900,0
0,77680,3370574
10000000,268171,0
0,54148,12212123
0,75752,0
0,290695,0
0,133790,0
12000000,279914,0
0,301883,0
0,214264,0
0,270343,23598
0,183932,0
0,96175,0
0,144676,0
0,118439,0
0,104427,0
0,102289,0
0,87983,0
0,26631,0
0,116780,0
0,63486,0
0,214446,0
0,42650,0
0,33733,0
0,82868,0
0,155208,0
0,58757,0
0,53573,0
0,176627,0
0,107073,0
0,84719,0
0,109109,0
0,26801,0
0,2648,0
0,48645,0
0,47993,0
0,156141,0
0,84346,0
0,252096,0
1000000,68351,2691899
0,12427,0
0,156201,0
0,77678,0
0,178607,0
0,74694,0
0,1163,0
245000,72032,0
0,45398,0
0,45020,0
0,16652,0
0,128598,0
0,52251,0
0,53950,0
0,21533,0
0,37610,0
10000000,69234,0
0,62410,0
0,24059,0
0,111043,0
0,288521,0
0,168164,0
4000000,216457,0
0,55531,0
0,229594,0
0,215405,0
0,93892,0
0,206581,0
0,25735,0
0,27738,2189047
0,75826,0
2500000,93077,0
0,228245,0
0,44811,0
0,14427,0
0,117120,0
0,27353,0
0,49712,0
0,53085,0
0,258251,0
0,21795,0
0,24556,0
0,97732,0
0,41235,0
0,41625,0
0,31981,0
0,236324,0
0,44862,0
0,80596,0
0,51791,0
0,87115,0
0,40785,0
0,98586,0
0,52203,0
0,47197,0
0,86956,0
0,28567,0
0,88320,0
0,173893,0
0,126759,0
0,121354,0
0,176216,0
0,28187,0
0,48836,0
0,16444,0
0,38611,0
0,32560,0
0,75822,0
0,107593,0
0,33077,0
0,221135,0
0,43275,0
0,178541,0
0,150004,0
0,86382,0
0,118017,0
0,5147,0
0,86193,0
0,41118,0
7000000,157919,0
0,217896,0
0,36983,0
0,43311,0
0,228676,0
0,45800,0
12000000,226672,0
0,44507,0
0,47536,0
0,38808,0
0,66963,0
0,130633,0
0,79892,0
0,146926,0
0,76829,0
0,86680,0
0,55150,0
0,263510,0
0,81396,0
7000000,27944,0
27563396,85870,29193330
60000,52788,0
0,42485,0
0,245072,0
0,199456,0
0,87939,0
0,108345,0
0,91480,0
0,183247,0
0,54162,0
0,207641,0
0,1849,0
0,1260,0
0,213443,0
0,90582,0
0,171032,0
0,36258,0
0,50697,0
0,39494,0
0,158870,0
0,172386,0
0,28712,0
0,47902,0
0,48689,0
0,113823,0
0,73085,0
0,88905,0
0,165569,0
0,140605,0
0,57012,0
0,108251,0
2763806,43432,0
0,30861,0
0,46743,5099316
750000,19183,4000000
0,220746,0
0,52784,0
0,45247,0
0,65489,0
0,31933,0
0,83667,0
0,35009,0
0,54782,0
0,256503,0
0,39477,0
0,52252,0
0,231474,0
0,238368,0
0,121003,0
0,223816,0
0,190160,0
3000000,48746,0
0,95866,0
0,70811,0
0,14387,0
0,42343,0
0,228074,0
0,54391,0
3500000,252360,0
0,15614,0
0,54653,0
0,75834,0
0,18085,0
0,49060,0
0,49505,0
0,72094,0
0,79735,0
0,48669,0
0,77964,0
260000,90957,0
0,95919,0
0,72483,0
0,191717,0
0,29609,0
0,79466,0
0,113582,0
0,96131,0
0,221144,0
0,133148,0
0,83849,0
0,98130,0
0,51681,0
0,281215,0
0,297668,0
0,266314,0
0,69898,0
0,129251,0
0,108012,0
0,108259,0
0,263032,0
0,15759,0
0,50299,0
0,38468,0
0,19496,0
0,27137,0
0,143838,0
0,111024,0
0,53575,0
0,101289,0
0,162928,0
0,48341,0
0,98507,0
0,111359,0
0,26250,0
0,133241,0
0,47925,0
0,177580,0
0,80032,0
0,30002,0
0,41551,0
0,184936,0
0,43362,0
60000,193603,0
0,54105,0
0,191428,0
0,112049,0
0,108917,0
0,153997,0
74000,97942,0
0,113737,0
0,140849,0
0,73832,0
0,55603,0
0,138990,0
0,215453,0
0,74604,0
0,118443,0
0,16356,0
0,42519,0
0,128229,0
0,154073,0
0,97910,0
0,186201,0
0,68976,0
0,87588,0
2000000,118154,0
0,87881,0
0,80090,0
0,43092,0
0,80633,0
0,31253,0
47000,27832,0
0,27840,0
0,262609,0
0,77632,0
0,84718,0
0,123075,0
421496,147876,0
53000000,13699,0
0,137491,0
0,29817,0
0,43603,0
0,194880,0
0,66968,0
0,149043,0
0,289390,0
0,118446,0
0,75562,0
0,244956,0
7000000,284276,2360281
0,237808,0
0,144229,0
0,166221,0
0,44014,0
0,223497,0
0,10639,0
0,169832,0
0,190091,0
0,158114,0
0,64984,0
0,220514,0
0,82257,0
0,123620,0
0,53571,0
0,43131,0
0,127040,0
0,51572,0
0,78354,0
0,128048,0
1200000,36109,0
0,74529,0
0,4930,0
0,43151,0
0,229757,0
0,250332,0
0,64994,0
0,35109,0
0,59527,0
0,119840,0
0,60139,0
0,42182,0
0,83957,0
0,69495,0
0,40824,0
0,80320,0
0,227402,0
0,258673,0
0,63591,0
0,29799,0
0,257578,0
0,196862,0
0,65213,0
0,65211,0
0,23853,0
0,27544,0
0,129009,0
0,147810,0
0,242458,0
0,112141,0
0,39337,0
0,48407,0
0,69803,0
0,129415,0
2400000,13621,0
0,134415,0
0,42250,0
0,43880,0
0,41018,0
0,6976,0
0,6610,0
0,53441,0
0,238811,0
0,24978,0
0,55989,0
0,38134,0
0,108812,0
0,44049,0
0,43310,0
0,26838,0
0,99345,0
0,84109,0
0,114251,0
0,42800,0
0,90460,0
0,65546,0
0,90461,0
0,90465,0
0,218098,0
0,37484,0
0,43454,0
0,62347,0
0,252682,0
0,93335,0
0,44536,0
0,36491,0
0,18373,0
0,180836,0
0,63045,0
0,48132,0
0,90720,0
2219684,79842,0
0,19335,0
0,27635,0
0,43392,0
0,38465,0
0,46145,0
0,56669,0
0,74860,0
0,15909,0
0,72460,0
0,41366,0
0,34768,0
0,28661,0
0,106017,0
0,79645,0
0,36514,0
0,42354,0
0,61473,0
0,42267,0
0,61052,0
7000000,164372,12400000
0,70878,0
0,40624,0
0,43696,0
0,91198,0
0,15587,0
0,30817,0
0,39961,0
0,34862,0
0,77794,0
0,17128,0
0,29192,0
0,149793,0
0,165300,0
0,107874,0
0,260409,0
0,46421,0
0,73941,0
0,34752,0
4000000,67220,1750000
0,33988,0
0,139922,0
0,147843,0
5000,141063,0
0,85439,0
0,95724,0
0,41468,0
0,76286,0
0,40642,0
0,8372,0
0,112234,0
0,118760,0
0,242097,0
0,66485,0
0,47646,0
0,55180,0
0,220933,0
0,114872,0
0,199151,0
0,127445,0
0,78537,0
0,74527,0
0,95004,0
0,87847,0
116000,82309,0
0,105536,0
0,124073,0
0,180635,0
0,25807,0
0,57665,0
0,86324,0
0,50329,0
0,147722,0
0,55767,0
0,137859,0
0,91548,0
0,122894,0
0,41559,0
0,42047,0
0,30126,0
0,268321,0
0,143277,0
0,43458,0
0,103433,0
0,123770,0
0,43205,0
24000000,37779,0
0,5002,0
0,115373,0
0,61016,0
0,45099,0
0,93061,0
0,194736,0
0,31340,0
0,46158,0
0,74215,0
0,120854,0
0,129798,0
0,61263,404
0,123295,0
0,70190,0
0,38782,0
0,61682,0
0,60703,0
0,99767,0
0,145259,0
0,84097,0
0,94192,0
0,99567,0
0,96089,0
0,50650,0
0,59402,0
0,95578,0
0,85615,0
0,74550,0
0,145194,0
0,128779,0
0,91715,0
0,82418,0
0,118444,0
0,178341,0
0,114570,0
0,167198,0
0,173488,0
0,106446,0
0,90291,0
0,208434,0
0,160254,0
0,65482,0
0,205463,0
0,103119,0
0,73179,0
0,200654,0
0,144475,0
600000,293880,0
0,86087,0
0,112460,0
0,81646,0
0,87123,0
0,79730,0
5000000,39433,0
0,72100,0
0,40874,0
0,38381,0
0,118716,0
0,95820,0
0,62033,0
0,151250,0
0,38165,0
0,211930,0
0,97327,0
0,128854,0
0,95348,0
0,73595,0
0,38964,0
0,72946,0
0,63612,0
0,98398,0
0,90807,0
0,102256,0
0,87820,0
0,129553,0
0,149955,0
0,94510,0
0,104214,0
0,245589,0
0,198214,0
0,56151,0
0,157343,0
0,68716,0
0,217925,0
0,46434,0
0,96702,0
1000000,73614,0
0,175681,0
0,45774,1328001
0,217719,0
0,85695,0
365000,43045,0
0,61434,0
0,91477,0
0,149468,0
4500000,50042,0
0,200863,0
0,98223,0
0,108256,0
0,279828,0
0,72585,0
0,26121,0
5000000,199556,0
25000000,284536,39171130
0,249170,0
0,85236,0
0,261823,0
3500000,297556,0
0,179267,0
0,118640,0
0,61095,0
0,72471,0
0,66967,0
0,51548,0
0,62670,0
0,207475,0
0,232462,0
0,115111,0
0,111307,0
0,95019,0
0,59178,0
0,149150,0
3000000,51800,0
0,105551,0
0,60949,0
0,91796,0
0,92371,0
0,74457,0
0,247447,0
0,76483,0
0,111910,0
0,38427,0
0,145691,0
0,143146,0
0,140509,0
0,149465,0
0,212455,0
0,169541,0
0,82970,0
0,78265,0
0,52864,0
0,61950,0
3500000,141319,0
0,111477,0
0,26497,0
0,59075,0
0,46651,0
0,21409,0
0,51227,0
0,142254,0
0,110671,0
0,95359,0
0,47256,0
3500000,102295,0
0,184129,0
0,44998,12000
0,87909,0
0,58526,0
0,61151,0
0,19525,0
0,200862,0
0,43793,0
0,178337,0
2150000,51832,0
0,44789,0
0,79308,0
0,77716,0
0,95012,0
0,29113,0
0,61852,0
0,94831,0
0,43016,0
0,86709,0
0,102526,0
0,238206,0
0,161967,0
0,289318,0
0,229526,0
0,10151,0
0,178103,0
0,95137,0
0,200574,0
0,94092,0
0,104259,0
0,63691,0
20000000,6163,0
0,38395,0
0,154093,1400000
0,39220,0
0,72901,0
0,58936,133771
0,149467,0
0,40252,0
0,16926,0
0,13017,0
0,251783,0
0,187263,0
0,207636,0
0,35692,0
0,6984,0
0,60977,0
0,123354,0
0,84211,0
0,29116,0
0,43395,0
0,38469,0
0,104711,0
0,84337,0
0,121667,0
0,131045,0
0,28490,0
0,72160,0
0,105059,0
0,26714,0
0,113219,0
0,52857,0
0,74877,0
0,147371,0
0,73120,0
0,203264,0
0,108181,0
0,27978,0
0,42752,0
0,17129,0
0,47312,0
0,180891,0
0,152130,0
0,91737,0
0,62188,0
0,50926,0
0,98549,0
0,39042,0
0,126031,0
0,46190,0
0,33843,0
0,112885,0
2000000,52323,0
0,75799,0
0,37053,0
0,174340,0
0,37294,0
0,68191,0
0,37408,0
0,36631,0
0,43625,0
0,15898,0
0,188357,0
209595,55762,0
0,82181,0
0,33002,0
0,138699,0
0,24084,0
0,40468,0
0,44974,0
15000000,75033,0
0,2199,0
0,122083,0
0,34945,0
0,70422,0
0,5601,0
0,104729,0
0,77118,0
0,70916,0
0,56412,0
0,38556,0
0,11719,0
0,63706,0
0,85768,0
0,31362,0
0,31919,0
0,214181,0
0,71357,0
0,44697,0
0,44989,0
0,208495,0
1000000,92635,0
1000000,71511,0
0,46869,0
0,75012,0
0,37123,0
0,24002,0
3600000,23200,0
0,84727,0
0,56596,0
0,173299,0
0,83802,0
0,46193,0
0,121230,0
0,67375,0
0,72984,0
0,18571,0
0,52355,0
0,113175,0
0,93263,0
0,26888,0
0,49733,0
0,43365,0
1000000,42754,0
0,67328,0
0,77845,0
0,68744,0
5000000,39166,0
0,78028,0
0,139367,0
0,46562,0
0,99377,0
1500000,28284,4200000
0,36634,0
0,44023,0
0,188507,0
0,67521,0
0,27966,0
0,71200,0
0,147618,0
0,42128,0
0,84508,0
0,102195,0
0,80200,0
0,61855,0
0,82243,0
0,108716,0
0,94881,0
0,50117,0
0,47638,1142944
0,47437,0
0,83579,0
500000,61613,0
0,38472,0
0,37306,0
0,103938,0
0,78504,0
0,45599,0
0,24683,0
1000000,60965,0
0,120522,0
0,23525,0
0,105406,0
0,72455,0
0,46580,0
2000000,56860,0
4500000,14053,0
0,81724,0
0,175065,0
0,127614,0
0,167956,0
0,253266,0
1000000,233487,0
0,180644,0
0,302828,0
0,281298,0
0,61237,0
0,38346,0
0,54288,0
0,33272,0
0,92798,0
3780000,166085,0
0,290802,0
0,171019,0
1300000,215924,0
0,279979,0
0,171908,0
0,92796,0
0,45577,0
0,140032,0
0,58655,0
0,85637,0
0,299104,0
0,218233,0
0,168300,0
0,168994,0
0,130241,0
0,112244,0
0,219233,0
0,105470,0
0,168295,0
0,49308,0
0,159000,0
0,309049,0
0,318359,0
0,266880,0
0,155605,0
0,91929,0
0,142724,0
0,161880,0
0,64528,0
0,204800,0
0,29416,0
0,260848,0
0,141262,0
0,244580,0
0,242675,0
0,43721,0
0,286875,0
0,45441,0
0,105133,0
0,95853,0
0,22901,0
0,21988,0
0,89056,0
0,86472,0
0,188180,0
0,256196,0
0,261830,0
0,221148,0
0,42779,0
0,149690,0
0,82178,0
0,55321,0
0,114626,0
0,166883,0
0,82185,0
0,130881,0
0,48798,0
0,104638,1705030
0,135696,3367646
0,59722,0
0,131932,928391
0,48635,0
0,194407,0
0,75770,0
0,148617,0
0,72400,0
0,36879,0
0,177902,0
0,39991,0
0,130882,0
0,53931,0
0,51780,0
0,283536,0
0,252637,0
0,131503,0
0,203321,0
60000000,210860,30418560
40000000,216015,571006128
0,305932,0
0,142208,0
0,196255,0
0,48522,0
0,53215,0
0,281615,0
0,48730,0
0,72205,0
0,46240,0
0,90781,0
0,56275,0
0,215657,0
0,190946,0
0,171292,0
0,54505,0
0,188392,0
0,67866,0
0,24251,0
0,261144,0
0,195617,0
0,76162,0
0,209209,0
0,37556,0
0,205818,0
0,15718,0
0,23998,0
0,27850,0
0,34205,0
0,34560,0
0,59354,0
0,105168,0
0,44666,0
0,67699,0
0,48841,0
1600,2186,0
0,154622,0
0,43658,0
0,52458,0
0,234377,0
0,44342,0
0,52207,0
0,123283,0
0,197592,0
0,238090,0
0,81294,0
0,53214,0
0,84805,0
0,140149,0
0,84617,0
0,157723,0
0,13535,0
0,57622,0
0,129363,0
0,261274,0
0,71145,0
0,80142,0
0,161885,0
0,187993,0
0,44874,0
0,192367,0
0,52035,0
0,162864,0
0,109477,0
0,73714,0
0,61080,0
0,110760,0
0,205651,0
0,91138,0
0,21714,0
0,59358,0
0,221234,0
0,67460,0
0,48273,0
0,83746,0
0,141754,0
0,38580,0
0,77022,0
0,137014,0
0,167938,0
0,168202,0
0,241170,0
0,27618,0
0,60233,0
0,48874,0
0,36129,0
11087,53178,0
0,53543,0
0,104062,0
0,93904,0
0,36003,0
0,190352,0
0,69168,0
0,58587,0
176000,29286,0
0,16048,0
0,52216,0
0,52304,0
0,56499,0
0,253686,0
0,78278,0
0,64850,0
0,20921,0
0,45221,0
0,72174,0
0,74192,0
0,159704,0
0,201561,0
0,130677,0
0,72917,0
0,76198,0
0,37688,0
0,71623,0
670,266723,0
0,13734,0
0,269714,0
0,76642,0
0,20220,0
0,31985,0
0,64357,0
0,77280,0
0,271327,0
0,79051,0
0,157787,0
0,55638,0
0,226363,0
0,253851,0
0,44349,0
0,201859,0
0,33489,0
0,54052,0
0,63180,0
0,105114,0
0,260884,0
2000000,60009,0
0,76155,0
0,67443,0
0,269070,0
0,192588,0
0,82237,0
0,145075,0
0,83816,0
0,131457,0
0,26504,0
0,56557,0
0,74208,0
0,206377,0
0,132506,0
0,92257,0
0,64442,0
0,180954,0
0,61523,0
0,52437,0
0,222870,0
0,83288,0
0,160194,0
0,119353,0
0,310589,0
0,287504,0
0,292396,0
18000000,290555,0
3000000,94563,0
0,63348,0
0,156277,33621
0,229559,0
750000,127770,0
0,13924,0
0,80012,0
0,117963,0
0,229194,0
0,152113,0
0,116554,0
0,253287,0
10000000,250066,0
560000,102534,0
4600000,248231,0
0,321130,0
0,258049,0
120000000,189197,0
0,73922,0
0,74695,0
0,72809,0
0,224293,0
0,302429,13603453
0,123235,0
0,94820,0
3800000,94904,0
8500000,272693,43528634
0,128876,0
0,281230,0
0,297544,0
0,56233,0
0,239030,0
0,280002,1169603
0,93556,0
0,193650,0
0,277355,0
0,89247,0
0,285135,0
0,63616,0
0,121828,0
0,46897,0
0,269576,0
0,73065,0
0,35646,0
0,133764,0
0,32088,0
0,276844,0
0,136619,0
0,21013,0
0,32649,0
0,44552,0
0,12609,0
0,27119,0
1000,286805,0
0,36674,0
0,77331,0
0,30149,0
0,27599,0
0,27600,0
0,35927,0
0,30576,0
0,135337,0
0,92690,0
0,28573,0
0,29167,0
0,267268,0
0,83897,0
0,214251,0
0,266034,0
0,160160,0
0,72985,0
0,211579,0
0,97762,0
0,211722,0
0,128120,0
0,214069,0
0,54598,0
0,285463,0
0,60120,0
0,253377,0
0,139808,0
0,25251,3
0,204384,0
0,40417,0
0,74608,0
0,63112,0
0,97313,0
40000,96306,0
0,200547,0
10,217708,11
24000000,9948,0
0,293461,0
0,12575,0
0,41571,0
0,317384,0
0,81981,0
0,80337,0
0,85642,0
0,8779,0
0,163366,0
0,39064,0
0,28770,0
0,137008,0
0,118497,0
0,162510,0
0,250660,0
0,41213,0
0,129129,0
0,190152,0
0,217268,0
0,85658,0
0,122479,0
415000,290739,0
0,128831,0
0,248921,0
0,49957,0
0,163978,0
0,25657,0
0,96574,0
0,257537,0
0,56691,0
0,74711,0
0,47448,0
517000,102691,0
0,205504,0
0,282009,0
0,206390,0
0,133643,0
0,116991,0
0,239123,0
0,87506,0
0,217590,0
0,257534,0
0,26805,0
0,62851,0
0,29470,0
0,30640,0
0,26925,0
100000,120850,0
0,173484,0
0,4885,0
0,199661,0
0,43716,0
0,83297,0
0,151136,0
0,166886,0
2620000,144331,0
0,198782,0
0,1871,0
0,1870,0
0,1875,0
0,50401,0
0,60769,0
0,92,0
0,20875,0
0,100246,0
0,86823,0
0,48419,0
0,150124,0
0,162592,0
0,56440,0
0,265929,0
0,3485,0
0,49183,0
0,72715,0
0,85711,0
3550000,195834,0
0,136742,0
0,98560,0
0,84442,0
0,72478,0
0,121749,0
0,277688,0
400000,43754,0
0,95010,0
0,116437,0
12000000,227719,32248241
0,321594,0
0,144183,0
0,47868,0
11000000,167073,62076141
0,295490,0
0,309298,31309
0,249688,3002884
0,309299,0
0,291869,0
0,309581,0
0,310119,0
0,310121,7449681
0,310001,0
0,309242,130541
0,309245,2500431
0,309503,0
8000000,232572,35991087
0,245706,4719695
0,253406,0
0,288036,3214116
0,315882,0
0,319070,0
0,319075,0
0,319091,411115
0,319071,0
0,318224,0
0,224972,0
0,319079,0
0,318225,0
0,319074,0
0,319078,0
0,318044,0
0,312813,0
0,275647,0
0,227800,0
0,194537,0
0,116649,0
0,115553,0
8000000,283235,1411927
0,125336,0
8000000,251321,53086
0,283330,65460
0,266082,60765
0,308457,0
0,217313,0
3500000,308453,615816
447524,308638,771317
2000000,250124,1477002
700000,308639,17986781
0,307946,0
0,308369,0
0,308024,1100000
0,308027,0
0,294132,104507
0,308640,0
0,308032,643557
0,308361,0
0,306197,0
0,193687,121461
0,52286,0
0,56036,0
0,161491,0
0,254721,0
0,42316,0
0,226163,0
0,223202,0
0,103758,0
0,57342,0
0,3168,0
0,128508,0
0,252063,0
0,188765,0
0,68864,0
0,190876,0
0,309875,0
1131974,318007,0
0,256108,0
0,3480,0
0,5063,0
0,3423,0
0,82046,0
0,54880,0
0,288708,0
0,223519,0
0,124857,0
0,80346,0
0,44489,0
0,202171,0
0,124524,0
0,71134,0
0,144910,0
0,37978,0
0,66787,0
0,64123,0
0,30492,0
0,63154,0
0,69335,0
97,81694,0
0,110390,0
0,123867,0
0,26722,0
5500000,230266,5000000
0,86391,7211180
0,73108,0
0,315855,0
9700000,46342,0
0,312526,0
1500000,287581,0
14000000,72784,10076790
0,185341,190000
10000000,307663,0
0,87339,0
0,29112,0
0,40744,0
0,48156,0
0,65257,0
0,184143,0
0,74684,0
0,278468,0
0,248576,0
0,62037,0
0,250761,161
0,213684,0
0,295069,0
0,34630,0
0,278677,0
0,299796,0
0,126376,0
0,88599,0
0,274990,0
0,57438,0
0,62352,0
2000000,167810,45431
0,125305,0
0,217477,0
0,97046,0
0,36067,0
0,36120,0
0,318053,0
0,56405,0
0,72480,0
0,312152,0
1,287524,0
0,30131,0
0,94744,0
1000000,27873,3000000
0,125063,0
0,62432,0
0,86598,0
1816720,320316,4541800
0,225184,0
0,237171,0
0,146563,0
0,73984,0
0,51261,0
0,93939,0
0,12796,0
0,155459,0
0,96243,0
0,55032,0
0,257605,0
0,266030,472370
0,302376,0
0,255913,0
0,186629,0
2200000,316269,0
0,146783,0
0,31293,0
0,276518,0
0,199198,0
0,82858,0
0,83782,0
0,73697,0
0,91901,0
0,76821,0
0,47718,0
0,82817,0
0,270899,0
0,63432,0
0,83122,0
0,92316,0
0,169800,0
0,46439,0
0,54325,0
0,75224,0
5000000,251994,0
0,56482,0
0,89720,0
0,17895,0
0,275468,0
0,110123,0
17,119193,0
0,16925,0
0,93103,0
500000,54928,0
5000000,24051,0
0,250624,0
0,282042,0
0,105891,0
5000,183910,0
0,24707,0
0,289278,0
0,126757,0
0,127668,0
0,110555,0
0,142798,0
0,83429,0
0,134733,0
0,142808,0
0,65102,0
0,191096,0
0,56511,0
0,56516,0
0,56512,0
0,56515,0
0,107876,0
0,186585,0
0,192544,0
0,43094,0
0,25164,0
945000,44191,0
0,93116,0
0,104413,0
0,112525,0
850000,85841,0
0,107625,0
0,143747,0
0,64650,0
0,115353,0
0,83140,0
0,83136,0
0,146079,0
0,83124,0
0,102959,0
0,27866,0
0,17485,0
0,47911,0
0,67952,0
0,216553,0
0,289333,0
0,63026,0
0,32322,0
0,5519,0
0,64725,0
0,150704,0
0,72508,0
0,55328,0
0,256347,0
0,43645,0
0,235093,0
0,212836,0
0,166089,0
0,29275,0
0,13351,0
0,15926,666045
0,24476,0
0,24477,0
0,13955,0
0,295887,0
0,78080,0
0,33924,0
0,187462,0
0,139459,0
0,47208,0
0,86637,0
0,128073,0
0,252735,0
0,89292,0
0,91767,0
0,22211,0
0,258550,0
0,136074,0
0,82937,0
0,97618,0
0,32033,0
0,33541,0
0,37813,0
0,199219,0
0,65131,0
0,83132,0
0,43513,0
0,102533,0
0,30577,0
0,110227,0
0,173962,0
0,81887,0
0,43800,0
0,50953,0
0,23614,0
0,15420,0
0,36907,0
0,169343,0
0,201765,0
0,239650,0
0,51245,0
0,64423,0
0,43486,0
0,140383,0
0,28190,0
0,98969,0
750000,66966,0
0,103613,119
0,13770,0
0,68198,0
0,110553,0
0,128062,0
0,256779,0
0,134463,0
0,158933,0
0,138394,0
0,261814,0
0,82649,0
0,238792,0
0,270045,0
0,36769,0
44000000,273248,155760117
0,63775,0
0,251016,0
0,133459,0
0,226673,0
0,90100,0
0,106622,0
0,106623,0
0,196847,0
0,90802,0
0,69569,0
0,52912,0
0,95096,0
0,128563,0
0,90019,0
0,106139,0
0,128557,0
0,256356,0
0,209840,0
0,104334,0
0,6591,0
0,150658,0
0,183635,0
0,260888,0
0,264166,0
0,272691,0
0,273632,0
0,126706,0
0,244260,0
0,260999,0
0,136576,0
0,81332,0
0,99332,0
0,130948,0
30000000,265208,0
0,293450,0
0,256912,0
0,116303,0
6000000,8014,0
0,186729,0
12000000,286565,85512300
0,173497,0
0,43584,0
0,265226,0
23000000,252838,79799880
17,53882,0
0,134746,0
0,217197,0
0,69499,7500000
0,22974,0
0,282672,0
0,81684,0
0,290999,0
1000000,242083,0
0,35336,0
0,19181,8646157
0,17172,0
3500000,308160,0
0,163431,0
0,37727,0
0,22192,0
0,37728,0
0,23654,0
0,37731,0
0,37730,0
0,218909,0
0,87204,0
0,30583,0
0,171427,0
0,93222,0
0,21842,0
0,8743,0
0,49874,0
0,285245,0
0,54257,0
0,57548,0
4000000,241251,52425855
0,263105,0
0,223922,0
0,277416,0
0,253849,0
2,154326,0
0,86835,566006
0,311291,4250507
0,320003,0
0,320001,0
0,319999,0
0,320004,0
0,311301,0
98,8906,0
0,320007,3191998
0,40243,0
0,323431,0
0,186976,0
1490000,248710,0
0,86201,0
3000000,276839,0
0,23014,0
0,41816,0
0,90358,0
0,244562,0
0,78691,406881
0,107357,0
0,51854,0
0,210691,0
0,46971,0
0,265228,1076075
0,176545,0
0,58028,0
0,38074,0
0,13397,0
0,175503,0
0,127853,0
0,259358,0
0,227383,0
0,315049,0
0,130805,0
6350000,248933,0
0,170677,0
0,49789,0
0,55567,531826
0,50416,0
0,107028,0
0,226968,0
0,46806,0
0,265497,0
0,254772,0
0,120122,0
0,2141,0
0,59191,0
0,318040,0
0,37058,0
0,39902,0
0,284568,0
0,15468,0
0,88309,0
0,74822,0
0,5602,0
0,152635,0
0,122229,0
0,183962,0
0,91571,0
0,267654,0
0,3004,0
0,118150,0
0,287391,0
0,38421,0
0,142979,0
0,163333,0
0,65718,0
0,44541,0
0,131507,0
0,213831,0
0,105403,0
0,127092,0
0,66178,0
0,206296,0
0,11925,0
0,181454,0
55000000,201085,74679822
0,254258,0
0,300803,0
0,30647,0
0,21585,0
0,100032,0
0,47631,0
0,17870,0
0,18128,0
0,322260,0
0,147415,0
0,26808,0
0,122023,0
0,303457,0
0,295914,0
0,31534,0
0,265910,0
1700000,26910,0
0,32601,0
0,31547,0
0,249772,0
0,299049,0
0,12504,0
0,74809,0
0,60430,0
0,39994,0
0,81541,0
0,214218,0
0,195862,0
0,105554,0
0,294826,0
0,37590,0
0,117098,0
0,85340,0
0,216652,0
0,259395,0
0,152797,0
0,55804,0
0,291325,0
250000,13611,0
0,46510,0
0,95108,0
0,7392,0
0,86603,0
118399,326591,0
7000000,11425,0
0,158382,0
0,218393,0
0,91410,0
0,52868,0
0,134656,0
0,42153,0
0,42081,0
0,83209,0
0,70322,0
0,15567,0
0,24633,0
0,84012,0
14000000,243938,12314651
0,78193,0
0,78274,0
22000000,21775,0
12500000,19106,0
0,18896,0
0,269711,0
0,26666,0
0,27409,0
0,268522,0
0,189204,0
0,170750,0
0,13590,0
0,13587,0
0,88318,0
0,277686,0
0,288313,0
0,326536,0
0,315010,0
0,98554,0
0,149347,0
0,104644,0
0,28656,0
0,81189,0
0,86647,0
0,68635,0
0,86508,0
0,175287,0
0,90944,0
0,99449,0
0,50425,0
0,300176,0
0,274805,0
0,228736,0
0,316183,0
0,287509,0
0,95744,0
0,271164,1009620
0,117913,0
0,242240,0
0,69974,0
0,42590,0
0,218262,0
0,261985,0
0,54796,0
4000000,158150,0
0,121822,0
0,257347,0
0,122221,0
0,37126,0
0,73551,0
0,173635,0
950000,285176,0
0,286873,0
0,50714,0
0,285270,0
0,126331,0
0,44690,0
0,92309,0
0,81365,0
0,47110,0
0,58865,0
0,208028,0
20000000,325358,0
0,162821,0
6000000,4274,0
0,37455,0
0,246049,0
0,96987,0
0,243881,0
0,306293,0
0,37858,0
500000,129311,0
0,114155,0
0,186970,0
0,179812,0
0,31355,0
0,45417,0
1000000,65364,0
0,13842,251775
0,179150,0
0,2993,0
0,125141,0
0,193784,0
0,260907,0
0,278632,2710
0,121493,0
0,6547,0
0,186975,0
0,229304,0
0,25320,0
0,146578,1469
0,251987,0
4500000,165864,0
0,245025,0
50100000,256591,153962963
0,25745,0
0,221791,0
0,288789,192400
0,246127,8034
0,76532,0
0,254719,0
74000000,228165,311594032
3000000,234212,3387000
0,27706,0
0,69578,0
0,118390,0
0,104935,0
0,90015,0
0,41934,0
0,204090,0
500000,125472,0
0,21742,0
0,119569,0
0,24665,0
0,17041,0
0,80343,0
0,85349,0
0,59596,0
1645885,38399,0
0,327924,0
0,195382,0
0,37028,0
0,211561,0
0,26296,0
0,146596,0
0,89351,0
0,104549,0
10000000,268238,85978266
0,259183,0
0,38082,0
900000,96631,0
0,191726,0
0,243919,0
0,159652,0
0,253284,0
0,66584,0
0,57681,0
0,282624,0
0,113655,0
0,232610,0
0,146380,0
0,75086,0
0,46448,0
0,198326,0
0,121513,0
0,196421,0
0,198772,0
0,14505,0
0,117212,0
0,113300,0
0,89656,0
0,82430,0
0,39925,0
0,28801,0
0,95029,0
0,115972,0
0,28771,0
1600000,201124,0
0,40419,0
0,13643,0
0,65534,0
0,70989,0
0,59163,0
0,38017,0
0,54064,0
0,10119,0
0,118180,0
0,126729,0
0,63585,0
0,59110,0
0,31292,0
0,218305,0
0,83909,0
0,233863,0
0,69517,0
0,160874,0
0,220620,0
11000000,290764,593683
0,228203,45710059
0,105156,0
0,173168,0
0,245158,0
0,55433,0
0,207766,0
38000000,309302,123205624
0,110779,0
0,66055,0
0,105120,0
0,128353,0
0,119884,0
0,31243,0
0,104848,0
0,285595,0
3300000,243940,64110728
0,241754,0
0,112649,0
0,47985,0
0,298396,0
0,63067,0
0,38396,0
0,50531,0
0,66700,0
0,79683,0
0,29498,0
0,130457,0
35000000,239573,14431253
2000000,298040,0
0,165586,0
26000000,197950,0
0,104435,0
0,216876,0
0,277167,0
0,67883,0
0,105853,0
0,260912,0
0,128588,0
0,223954,0
2800000,132759,13218980
650000,17470,0
0,91443,0
0,196750,0
0,259956,0
0,45179,0
0,54890,0
6400000,191121,18000000
0,45628,0
0,83912,0
0,106326,0
0,59050,0
0,246743,0
0,264337,0
90,324260,0
0,322456,0
0,50135,0
0,78124,0
0,287233,0
7500,2963,0
0,132426,0
0,174372,0
0,269200,0
0,270938,0
0,161267,0
0,195186,0
0,33229,0
3400000,75861,0
0,59015,0
0,197936,0
0,73530,0
0,105149,0
0,195020,0
0,230606,0
0,105232,0
0,105384,0
0,260839,0
0,105145,0
0,199985,0
0,157152,0
0,205865,0
0,174650,0
0,209032,0
0,76226,0
0,213983,0
0,86321,0
0,91908,0
0,181999,0
0,36785,0
0,127424,0
0,84176,0
0,102807,0
0,288312,0
0,125344,0
0,44570,0
0,213598,0
0,216790,0
0,97607,0
50000000,241554,71561644
0,257912,0
0,48775,0
0,280922,0
0,139571,0
0,48207,0
0,326057,0
0,250668,0
0,201777,0
0,139334,0
0,38681,0
0,317683,0
0,106922,0
0,107068,0
0,200867,0
0,183039,0
0,27638,0
0,29094,0
0,42288,0
0,53769,0
0,184351,0
35000000,265712,83061158
0,294690,0
0,66164,0
0,49239,0
8000,138941,0
0,254193,0
0,144204,0
0,30460,0
0,279972,0
0,112454,0
0,137370,0
0,324279,0
0,330275,0
0,142528,0
0,59346,0
0,85025,0
0,135281,0
1500000,291362,0
0,260030,0
95000000,150689,543514353
0,326359,0
0,283302,0
750000,321644,0
0,263281,0
0,228968,2633527
0,319975,0
0,238215,0
0,327225,0
0,85511,0
0,99909,0
0,43871,0
0,31341,0
0,5065,0
0,261249,0
0,171045,0
0,124521,0
0,221395,0
0,43018,0
0,110965,0
0,297850,0
0,32941,0
0,76794,0
0,179715,0
0,48719,0
0,40681,0
0,71507,0
0,65506,0
0,39001,0
0,133601,0
0,163631,0
0,51136,0
0,70202,0
0,109102,0
0,48457,0
0,25548,0
0,72003,0
0,169158,0
0,253283,0
0,323555,0
0,158113,0
0,148410,0
0,137960,0
0,46586,0
0,200324,0
900000,35946,0
1150000,71626,0
0,264553,0
0,141978,0
0,45197,0
0,35023,0
0,193523,0
0,236314,0
0,295058,0
0,305450,0
0,300364,0
30000,324436,0
0,38445,0
0,325205,0
0,13923,0
750000,55784,0
2000000,89531,0
3510000,88418,0
0,256306,0
0,215637,0
0,14733,0
0,228558,0
0,70027,0
0,77787,0
1000000,69576,0
0,328233,0
0,47467,0
400000,221488,0
0,69999,0
0,121830,0
3000000,39522,0
0,154140,0
0,193229,0
0,13277,0
0,97899,0
0,67654,0
0,47432,0
0,25055,0
0,101904,0
0,31347,0
0,71591,0
0,40261,0
0,264321,0
0,102938,0
0,103432,0
0,28784,0
0,72993,0
0,91583,0
0,94468,0
0,90086,0
0,32064,0
0,199578,0
0,175774,0
0,75028,0
35000000,243688,95437994
150000000,266647,128388320
10000000,252512,7587485
0,45148,0
0,37039,0
0,40113,0
0,257444,0
0,322378,0
0,272634,0
0,100205,0
15000000,271674,9104716
0,59414,0
0,267481,0
0,27035,0
0,27036,0
0,71910,0
0,253307,0
110000000,262500,295238201
0,325138,0
0,82448,0
8500000,230179,7500000
4000000,39385,29456000
0,142408,0
0,78258,0
0,40180,0
0,118412,0
0,113082,0
0,144288,0
0,271724,0
0,30496,0
0,18815,0
0,213110,0
135000000,228161,368871007
0,20377,0
0,261375,0
0,69619,0
0,71924,0
0,62243,0
0,252714,0
0,252888,0
0,125990,0
0,252144,0
0,128364,0
0,97593,0
0,82598,0
0,216153,0
0,181269,0
3000000,260947,0
18000000,245703,6212282
40000000,266396,13644292
0,275060,0
0,276401,0
0,199647,0
0,38198,0
17000000,255343,3758328
0,74746,0
0,47570,0
0,30792,0
600,108723,0
0,48691,0
0,314389,0
0,255890,0
0,260176,0
0,136070,0
0,244063,0
0,227975,0
0,220493,0
190000000,168259,1506249360
1000000,277685,62882090
0,246308,0
0,140441,0
0,228973,0
0,23155,0
0,105503,0
0,59098,0
0,284013,0
0,75848,0
0,271550,0
0,97559,0
0,26340,0
0,255843,0
0,79823,0
0,26113,0
0,256030,0
0,291272,0
0,293970,0
0,112058,0
0,73612,0
0,119552,0
0,80624,0
0,90806,0
0,60079,0
0,63590,0
0,10580,0
0,69165,0
0,167951,0
0,87122,0
0,168538,0
7000000,5896,8914881
0,31281,25000
0,23504,0
0,57219,0
0,40927,0
0,87178,0
0,70903,0
0,49038,0
0,71750,0
0,50295,0
0,51434,1305887
0,38652,0
0,117428,0
0,117424,0
0,31942,0
0,94236,841
0,120386,0
0,42030,0
0,174383,0
0,110624,0
0,163630,0
0,28263,0
0,173638,0
0,241855,49970
0,327029,0
2000000,81475,0
0,121052,0
0,266537,0
0,276901,0
0,302465,0
2000000,79570,0
0,48376,0
0,81464,0
0,76172,0
0,240745,0
0,169656,0
0,47412,0
0,137222,0
0,40040,0
0,83361,0
0,35453,0
0,267793,0
0,19318,0
0,40344,0
0,136190,0
0,94874,0
0,106682,0
0,33018,0
0,106679,0
0,38446,0
0,86643,0
0,36600,0
0,285863,0
0,8371,0
50000000,181283,3324330
0,78402,0
0,39041,0
0,105766,0
0,74119,0
0,118083,0
0,149926,0
0,13015,0
7720000,184155,0
0,32334,0
0,137221,0
0,81022,0
0,317168,0
0,165027,0
0,283227,0
0,187252,0
0,31413,0
0,108540,0
0,45777,0
0,52980,0
0,52874,0
0,64912,0
0,52979,0
0,9527,0
0,79572,0
40000000,257091,111811453
5000000,143928,0
0,326665,0
0,322518,0
0,161064,0
0,305091,0
0,130100,0
0,53915,0
0,328032,0
0,96217,0
0,80527,0
0,259616,0
0,35177,0
0,1269,0
0,51450,0
0,1419,0
1000000,14642,0
0,298751,0
0,79433,0
0,81086,0
0,133396,0
0,150056,0
0,61104,0
0,11207,0
0,257734,0
8000000,16119,0
0,167161,0
10000000,11651,0
0,204712,0
0,11179,0
0,79361,0
0,21385,0
0,33719,0
0,114438,0
7500000,238302,0
0,130798,0
0,50166,0
0,33436,0
0,5833,0
0,78694,0
0,333324,0
4410000,12128,0
0,71191,0
0,15713,0
0,10659,0
0,96872,0
0,48411,0
0,1615,4508104
0,1616,0
0,11084,0
0,24696,0
0,9497,0
0,2169,0
0,9337,0
0,6172,0
0,78313,0
0,9673,0
0,9514,0
0,9496,0
0,73770,0
0,10036,0
0,233438,0
0,11664,0
0,9572,0
0,1915,0
0,51880,0
0,258751,0
0,208982,0
0,56771,0
0,254578,3184472
0,328595,0
0,160171,0
0,287422,0
4700000,254200,0
0,265563,0
0,293771,0
0,272162,0
0,177436,0
2000000,179053,0
0,138486,0
0,180721,0
0,44119,0
0,153162,0
0,103164,0
0,301225,0
0,214447,0
1950000,35428,12005838
0,91628,0
0,9478,0
0,10470,0
0,10010,0
0,9565,0
0,9677,0
0,4436,0
0,9274,0
0,285213,0
0,32099,0
0,286971,0
0,47745,0
0,332079,0
25000000,290864,129115
0,22489,0
0,42023,0
0,264098,0
0,202639,0
0,46696,0
600000,29582,0
0,106268,0
1500000,27662,0
0,68745,0
0,15469,0
0,242628,0
0,112739,0
0,114116,0
0,167262,0
0,204737,0
0,58920,0
0,120520,0
0,257574,0
0,241797,0
0,187482,0
0,245260,0
0,17212,0
0,22365,0
0,29254,0
0,15674,0
0,183218,0
10000000,20893,0
0,277388,0
0,278283,0
3000000,46368,0
2000000,273341,0
0,184267,0
0,52827,0
0,36335,0
0,140212,0
0,75006,0
0,237756,0
0,276904,0
0,221732,0
0,221731,0
700000,323967,0
0,299551,0
0,106717,0
0,294993,0
0,9629,0
6900000,146229,0
0,294991,0
0,293572,0
0,253376,0
0,265019,0
0,299588,0
0,314065,0
0,298093,0
0,15286,3923970
0,50288,0
0,267457,0
0,274815,0
0,257134,0
0,77586,0
0,214135,0
0,228426,0
0,53252,0
0,73534,0
0,53435,0
0,288618,0
0,259843,0
0,129115,0
0,126883,0
0,84925,0
0,255253,0
0,255979,0
0,67183,0
0,61117,0
0,52736,0
0,37573,0
0,84724,0
0,83567,0
0,101995,0
0,54424,0
0,35964,0
0,124611,0
0,270336,0
0,270409,0
0,138767,0
2000000,254023,0
0,131739,0
0,2189,14100000
0,44664,0
0,110538,0
0,264763,0
0,293126,0
0,60029,0
0,52117,0
0,67693,0
0,148833,0
0,57683,0
0,163523,0
0,82401,0
0,214216,0
0,46836,235262
0,296095,0
0,70349,0
0,276906,0
0,300690,0
0,257214,0
500000,88338,0
0,49497,0
0,169379,0
0,142216,0
0,117509,0
0,46578,0
0,62545,0
0,177354,0
0,27200,0
0,12601,0
0,151123,0
0,263109,59700000
6700000,244539,1430655
0,62678,0
0,26447,0
0,192452,0
0,14630,0
0,81457,0
0,58507,0
0,98103,0
0,57308,0
0,46830,0
0,101968,0
0,16217,0
0,15029,0
0,117510,0
0,151370,0
0,54803,0
0,210777,0
0,117512,0
0,134308,0
0,58219,0
0,308504,3643591
0,83706,0
0,40817,0
0,92038,0
0,72024,0
0,321640,0
0,296029,0
0,30723,0
0,85598,0
0,190913,0
0,321528,0
0,85948,0
0,268523,0
0,228692,0
0,58411,0
0,251489,0
0,38923,0
0,30467,0
0,93935,0
0,87817,0
0,38981,0
0,251419,0
0,305310,0
0,151141,0
0,181801,0
0,31448,0
0,51743,0
0,134153,0
0,29631,0
0,90888,0
11000000,304357,61619773
350000,29611,0
0,283703,0
2700000,159479,4635143
0,50220,0
0,248808,0
0,33370,0
0,328763,0
0,11677,0
0,10146,0
0,320996,0
0,301304,0
20000000,269148,151530
0,18506,0
0,231401,0
0,13584,0
0,158455,0
0,111149,0
5000000,276902,0
0,284189,0
0,51883,0
0,9803,0
0,332356,0
0,156329,0
0,41422,0
0,79908,0
0,36808,0
0,40600,0
0,119592,0
0,24626,0
0,255324,0
0,27886,0
0,104043,0
0,79054,0
0,84997,0
0,117514,0
0,93922,0
0,129332,0
0,30411,0
0,29819,0
0,38967,0
0,31086,0
0,93937,0
0,114674,0
0,228108,0
0,84771,0
0,89931,0
0,38916,0
0,30296,0
25000000,36696,6500000
0,214827,0
0,93215,0
0,56379,0
0,248559,0
0,29108,0
0,47946,0
0,334651,0
0,43030,0
0,31344,0
0,44672,0
0,84777,0
0,202337,0
0,52894,0
4000000,242575,0
0,81894,0
0,98308,0
0,30643,0
0,54118,0
0,72178,0
978000,37935,0
0,58242,0
0,107287,0
0,65218,0
0,116521,0
0,77850,0
0,105246,0
0,71697,0
0,89909,147542
0,260672,0
0,200114,0
0,188826,0
8500000,8490,0
0,85230,0
190000000,158852,209154322
0,294083,0
0,37582,0
0,322460,0
1300000,107525,0
0,255157,0
5000000,167221,48125
0,229328,0
0,136345,0
0,330588,0
0,215658,0
7700000,283708,0
0,253639,0
0,323016,0
0,250665,0
0,208333,0
0,289126,0
0,320299,0
0,335141,0
0,335145,0
0,267623,0
0,74087,0
0,292262,0
0,19900,0
0,26574,0
0,253626,316472
150000,10370,0
0,158217,0
0,259958,0
0,59481,0
0,283698,6921
0,53670,0
0,243526,0
0,284270,0
0,186610,0
0,180418,0
0,312797,0
0,88744,0
0,62008,0
0,62730,0
0,283707,0
0,229182,0
0,321678,0
0,26569,0
0,253303,13684
0,134662,0
38000000,256961,107597242
0,282313,0
0,32901,0
0,261273,0
0,312316,0
0,52629,0
0,54770,0
250000,139302,0
0,287587,108808
0,145474,0
0,19306,0
500000,270654,15000000
3673315,269776,0
0,103199,0
0,328799,0
0,127475,0
0,203072,0
0,100351,0
0,132128,0
0,90509,0
0,195385,0
0,92233,0
0,77029,0
0,91255,0
0,92389,0
0,72002,0
0,167101,0
0,3164,0
0,30034,0
0,52681,0
0,44409,0
0,265741,0
0,43789,0
0,95493,0
0,281180,0
0,134693,0
0,46915,0
0,42495,0
0,91472,0
0,52212,0
1100000,301229,0
0,86269,0
0,61865,0
0,85184,0
0,274415,0
0,86258,0
0,94739,0
0,299353,0
0,92716,0
0,70247,0
0,128043,0
0,147264,0
0,185843,0
0,45679,0
0,291558,0
0,47944,0
0,20036,0
0,165321,0
0,275244,0
0,28855,0
0,128614,0
0,91683,0
0,278990,0
0,270400,0
0,259453,0
0,214464,0
0,38154,0
0,35703,0
0,43913,0
0,17669,0
7000000,164331,0
0,97829,0
0,281778,0
0,330431,0
0,19599,0
0,14572,0
6000000,260310,0
0,248087,84500000
0,94205,0
0,225982,0
0,139862,0
0,75066,0
25000000,289720,0
0,294517,0
9500000,282631,112156811
0,32029,0
0,96337,0
0,55044,0
0,85644,0
0,84511,0
0,144498,0
0,290865,0
0,75989,0
0,49823,0
0,154276,0
0,241939,0
0,246654,0
0,12697,0
1950000,329540,0
0,18068,0
0,278316,0
34000000,228205,63013281
0,272418,0
0,142115,0
0,52333,0
0,38035,0
8000000,266331,2439705
0,45873,0
0,284289,45895
0,325382,0
0,284470,0
0,332759,0
0,228381,0
0,290043,0
0,254936,0
0,21461,0
0,295592,16661077
0,315367,0
0,313074,0
0,114003,0
0,128207,0
0,35852,0
1000000,201132,0
0,28904,0
0,194883,0
0,46808,0
25000000,293863,65663276
0,297702,0
0,250756,0
50000000,132342,0
0,319389,0
0,174615,0
0,329241,0
0,261906,0
10000000,256924,10835752
0,143525,0
0,21891,0
0,333089,0
0,70758,26488
0,283691,0
0,95056,0
1000000,44216,0
0,87503,0
0,198044,0
0,336018,0
75000,85966,0
0,26503,0
0,39992,0
0,48846,0
0,37932,0
0,325113,0
600000,309304,7087452
0,248611,0
0,131455,0
0,39185,0
0,54735,0
0,54732,0
0,265330,0
0,214074,0
2000000,26687,0
0,13892,0
0,333103,0
0,21383,0
10000000,197583,1064454
0,73529,0
0,122662,
/zV8bHuSL6WXoD6FWogP9j4x80bL.jpg,2012-09-29,
0,50794,0
0,111771,0
650000,262009,0
0,250745,0
0,168864,0
0,300155,228136
0,60591,0
0,77128,0
0,27698,0
0,252845,0
6000000,250349,14348529
0,50113,0
0,108309,0
0,261860,0
0,312793,0
0,192712,0
0,80530,0
0,296941,0
0,290300,0
0,311627,0
0,297270,0
0,175112,20300000
0,100830,0
0,118762,0
0,44706,0
100000,31042,0
0,289723,0
0,28969,0
0,269258,0
0,36897,0
11000000,101669,0
0,45190,0
0,327418,0
0,321030,0
0,332340,0
0,72953,0
0,63573,0
0,290304,0
0,144097,0
0,106824,0
0,107321,0
0,12447,0
0,127546,0
0,31899,0
3,70026,232
0,86768,0
0,142150,0
0,56555,0
0,52702,0
0,204686,0
0,134608,0
0,170315,0
0,309889,0
0,18819,0
0,10037,0
0,122252,0
9500000,186869,0
0,80168,0
0,118549,0
0,48136,0
0,56153,0
0,155597,0
0,142358,0
0,56177,0
0,56134,0
0,266689,0
0,54388,0
0,96087,0
0,59810,0
0,253262,0
0,328252,0
110000000,254128,470490832
0,241257,17671101
0,284537,0
0,242332,0
0,79968,0
0,63187,0
0,53623,0
0,92705,0
0,29100,0
0,155128,0
0,51476,0
0,63029,0
0,28663,0
0,59873,0
0,23334,0
0,46626,0
0,109279,0
75000,81720,0
1365068,89156,0
0,259180,0
0,125889,0
0,284689,1822250
0,300302,0
0,90171,0
0,258630,0
0,89315,0
0,134602,0
0,173205,0
0,105972,0
0,321494,0
0,39412,0
0,40978,0
0,146047,0
0,61108,0
0,40348,0
0,39965,0
0,28682,0
0,28324,0
0,28325,0
0,28574,0
0,153035,0
0,89817,0
0,84708,0
0,99545,0
0,294085,0
0,166260,0
0,146270,0
0,31524,0
0,290504,0
0,174351,0
0,250734,30229977
0,249916,0
0,121929,0
0,84300,0
0,282983,0
0,139215,0
34000000,202575,0
3500000,134126,7339398
1200000,137955,0
0,150230,0
0,259611,0
0,265851,0
0,214093,0
0,71394,0
1200000,259072,0
0,107184,0
0,182067,0
0,254321,0
0,2192,0
0,110260,0
0,229134,0
0,49212,0
0,28318,0
0,30997,0
0,28678,0
0,52809,0
0,50849,0
0,52810,0
0,53155,0
0,94809,0
0,52808,0
0,28489,0
0,105859,0
0,3701,0
0,28488,0
0,68146,0
0,3699,0
0,64630,0
0,105079,0
0,64525,0
0,145002,0
0,148431,0
0,151423,0
0,260857,0
0,268159,0
0,215946,0
0,290656,0
0,92397,0
0,15165,0
0,13284,0
0,15016,0
0,316322,0
0,21705,0
0,73456,0
0,285733,0
0,57737,0
0,13002,0
0,129533,0
0,13004,0
0,34134,16441438
0,13283,0
0,91342,15489307
0,23566,0
0,168903,0
0,13459,4496912
0,255718,0
0,196254,0
0,16418,0
0,16962,0
0,13285,0
0,15015,0
0,15906,0
0,227200,0
0,18198,0
0,136215,0
0,53019,0
0,56858,0
0,33447,0
11000000,304410,0
0,98297,0
35000000,249070,81967450
0,237718,0
0,96349,0
0,104513,0
10000,68370,0
0,216989,0
0,289339,0
0,54002,0
0,21671,0
0,335819,358590
0,44683,0
0,37339,0
1000000,218670,0
0,240704,0
0,183832,0
0,290815,0
0,200918,0
0,174378,0
0,227325,0
0,135214,0
0,209556,0
10000000,160768,30283
0,287815,0
0,193418,0
0,38911,0
0,173911,0
0,75947,0
0,298634,0
0,268015,0
0,283322,5240
0,232351,0
18000000,275601,41325328
0,44720,0
0,284581,0
0,113374,0
500000,182228,0
0,288931,0
0,85129,0
0,314407,0
0,171755,0
0,256562,0
0,256328,0
0,55194,0
0,65252,0
0,111173,0
0,64316,0
0,201867,0
0,221418,0
0,84350,0
0,89595,0
0,320179,0
0,305022,0
0,128766,0
500000,57510,0
0,158443,0
0,133741,0
500000,179159,0
0,253291,0
0,75910,0
0,49785,0
0,332286,0
0,42413,0
0,110980,0
0,330115,0
0,316715,0
0,50106,0
0,42156,0
0,77352,0
0,320882,0
0,64714,0
0,306482,0
0,168758,0
0,153737,0
0,60170,0
0,240607,0
0,149868,0
0,301728,0
750000,205466,0
0,130612,0
0,284305,0
500000,101852,0
0,285581,0
5500000,332835,22159216
0,326923,0
0,265934,0
0,256021,0
0,164286,0
0,252596,0
25000,273879,0
0,54466,0
0,147055,0
0,89857,0
0,323214,0
1432960,327476,0
29000000,254470,287506194
0,59839,0
0,62363,0
0,121927,0
0,223895,0
0,264471,0
0,241553,0
0,290370,1500000
0,172747,0
0,46568,0
0,46443,0
0,61738,0
0,241562,0
0,44488,0
0,101652,0
0,187447,0
80000,97987,0
0,107193,0
0,218772,0
0,72949,0
0,94527,0
0,136368,0
0,266621,0
0,108353,0
0,70324,0
0,183049,0
0,134223,0
0,96793,0
0,139170,0
0,75193,0
0,190795,0
0,261033,0
0,258099,0
0,337101,0
0,90879,0
0,108969,0
0,187219,0
0,52777,263635
0,259550,0
0,130401,0
0,13775,0
0,1481,0
0,174754,0
0,175869,0
0,50868,0
0,50922,0
0,67025,0
0,214138,0
0,330544,0
0,147287,0
0,42770,0
0,9646,0
0,266442,0
0,213857,0
0,27998,0
0,277662,0
0,66082,0
0,127142,0
0,29846,0
0,208517,0
0,191829,0
0,242629,0
0,188465,0
0,252886,0
0,257084,0
0,193524,729043
11800000,258480,40272135
0,333382,0
0,120370,0
0,147841,0
0,313867,0
0,57419,0
0,31789,0
0,42533,0
0,61777,0
0,201419,0
175000,173165,0
0,69129,0
0,129360,0
0,134255,0
7500000,326284,0
0,218482,0
0,242065,0
0,241882,0
0,21625,0
0,28740,0
0,48842,0
0,17593,0
0,55033,0
0,305088,5600000
10000000,245846,17472
0,31139,0
0,123969,0
0,42279,0
0,191608,0
0,78478,0
0,257521,1558836
0,298830,0
0,276550,0
0,34312,0
0,118612,0
0,127326,0
0,58301,0
0,222885,0
0,148782,0
0,71393,0
0,123949,0
0,51268,0
0,145221,0
500000,215976,0
0,297362,0
0,76018,0
3700000,40537,0
0,102165,0
0,308715,0
0,58128,0
0,21614,0
4000000,254320,15656193
0,322766,0
0,88937,0
0,287483,0
0,256057,0
4000000,287424,187112
237000,28746,0
0,40029,0
0,103067,0
0,14067,0
35000000,268920,51680201
0,41051,0
0,223485,229094
0,138502,0
0,259830,0
0,291854,0
0,24632,0
0,169844,0
0,84572,0
0,65497,0
0,193387,0
0,40774,0
0,35564,0
0,94365,0
0,87321,0
0,291613,0
0,103675,0
5000000,171424,6833445
0,337210,0
0,113040,0
0,244418,0
0,114953,0
0,182424,0
0,167649,0
0,33382,0
0,310319,0
0,21554,0
0,215520,0
0,337944,0
0,248574,6075
0,292040,1473809
0,61041,0
0,322488,0
0,56959,0
0,75162,0
0,5061,0
0,63625,0
0,190853,0
0,261039,0
0,261857,0
0,51560,0
0,91584,0
0,17566,0
0,224303,0
0,283704,0
0,104146,0
0,115384,0
0,140470,0
0,140418,0
0,74314,0
0,125873,0
0,38433,0
0,140472,0
0,5056,0
0,26181,0
0,277399,0
0,105869,0
0,321769,0
0,281730,0
0,118575,0
0,294544,0
0,48643,0
0,43351,0
0,12826,0
0,84628,0
0,191322,0
0,61803,0
0,73369,0
0,236395,0
0,52051,0
0,78552,0
0,104106,0
0,320703,0
0,170277,0
0,25973,0
0,132641,0
0,59142,0
0,47590,0
0,165567,0
0,32683,0
0,334132,0
0,47759,0
0,259954,0
0,291817,0
0,334130,0
0,33510,0
0,32648,0
0,170033,0
0,35401,0
0,197366,0
0,20870,0
0,95431,0
0,107705,0
0,156145,0
0,46567,0
0,112601,0
3000000,277778,0
0,83444,0
0,109774,0
0,143887,0
0,38359,0
0,83475,0
0,83461,0
0,27862,0
0,27922,0
0,83446,0
0,53194,0
0,160833,0
0,104522,0
0,63717,0
0,118794,0
3300000,64483,2011837
475000,179288,0
336029,41703,927277
0,23898,0
4000000,25936,0
0,64268,0
0,186634,0
0,40373,0
0,339533,0
0,110419,0
0,36530,0
0,3122,0
0,281418,0
0,259261,0
108000000,286217,630161890
0,22376,0
0,112355,0
0,276137,0
0,333381,0
0,109835,0
0,30778,0
0,86633,0
0,294862,0
0,250784,0
630019,251516,0
0,151693,0
0,102596,0
0,58859,0
0,320295,0
3700000,323517,11480000
0,273886,0
0,20963,0
0,64100,0
0,187771,0
0,64577,0
0,270585,0
0,240478,0
0,269494,0
0,82465,0
0,119687,0
0,37873,0
0,43112,0
13360000,310593,2000000
0,189243,0
0,20806,0
0,247451,0
0,261419,0
0,198312,0
3000000,21297,11000000
0,46406,0
483719,21175,0
0,21567,0
0,51216,0
2800000,21570,14000000
0,56927,0
0,42098,0
20000000,334074,0
0,318256,0
0,45210,0
0,27937,0
0,337789,0
0,89330,0
0,154397,0
0,198240,0
0,122767,0
0,62558,0
0,92469,0
0,200445,0
0,85602,0
0,155797,0
0,75903,0
0,200331,0
0,24085,0
0,30929,0
0,84642,0
0,169618,0
0,65651,0
0,10986,0
0,119409,0
0,190940,0
0,19025,0
0,20359,0
0,109028,0
820000,14394,0
0,87995,0
1900000,20968,5900000
0,20364,0
0,150922,0
0,33125,0
0,30162,0
0,33124,0
0,33457,0
0,166259,0
156660,339992,0
0,323384,0
0,334088,0
0,119172,0
65000000,238713,235666219
0,265193,0
0,43269,0
48000000,13179,0
0,69921,0
0,209415,0
0,314555,0
0,38608,0
0,80136,0
0,81616,0
0,96411,0
0,270015,0
35000000,271718,140795793
0,29510,0
0,26861,0
0,229702,0
0,58611,0
0,43211,0
0,38262,0
0,58615,0
0,58613,0
0,57918,0
0,43646,0
0,173177,0
0,43648,0
0,61303,0
0,43649,0
0,75001,0
0,328720,0
0,58191,0
0,38285,0
0,43571,0
0,121516,0
0,75336,0
0,82066,0
0,279568,0
0,139563,0
0,49352,0
0,246917,0
1100000,39895,1400000
5000000,2197,0
0,101029,0
0,19095,0
0,30993,0
0,103612,0
980385,17381,0
0,42251,0
0,264525,0
0,268100,0
0,280276,0
0,86700,0
37000000,222936,26250020
0,44486,0
0,39309,0
0,132551,0
12000000,34449,0
0,79757,0
0,231625,0
0,98120,0
0,135695,0
5579750,161545,8927600
0,250235,0
0,173847,0
0,169683,0
0,231176,0
6000000,53319,0
0,321160,0
0,245906,111996
4000000,69520,0
0,215646,0
0,239877,0
0,95565,0
0,126315,0
0,84196,0
0,316067,0
0,158589,0
6000000,244783,32251
0,253267,0
0,300179,0
0,21265,0
0,126969,0
0,245527,0
0,47246,0
0,279992,0
0,159967,0
0,46923,0
0,146045,0
0,221171,0
0,46809,0
0,146030,0
0,47150,0
0,175518,0
0,146730,0
0,72204,0
0,26807,0
0,20333,0
0,70122,0
0,343070,0
0,231562,0
0,117452,0
0,46930,0
0,21535,0
0,199374,0
0,262311,0
0,9288,0
0,78696,0
0,51604,0
0,150473,0
5000000,76101,0
0,61035,0
0,223932,0
0,2462,0
0,66135,0
0,176077,0
0,53780,0
0,252894,0
6000000,262788,0
0,320006,0
0,37307,0
0,106113,0
0,191487,0
0,202198,0
0,38309,0
0,334440,0
0,294483,0
0,296192,0
0,296194,0
0,329243,0
0,279960,0
0,298664,0
0,73208,0
0,31984,0
0,43419,0
0,112618,0
0,115572,0
0,14755,0
0,105056,0
0,86412,0
0,33744,0
0,127564,0
0,25939,0
0,78992,0
0,26357,0
0,29467,0
0,84365,0
0,124026,0
65000000,300168,121545703
0,132316,0
5510000,74458,18050000
0,40777,0
30000000,188222,49263404
0,328483,0
0,107637,0
0,82576,0
0,146679,0
0,321109,0
0,173541,0
0,328692,0
0,266718,0
0,304640,0
0,46359,0
0,343371,0
0,85581,0
0,254007,0
0,303281,0
0,85428,0
0,315850,0
0,270886,0
14500000,288980,0
0,69352,0
123690,212481,0
3600000,217787,0
0,296206,0
0,107308,0
0,16247,0
0,99904,0
0,109463,0
0,116439,0
0,86541,0
0,53210,0
6000000,286521,1020921
175000000,150540,857611174
0,289716,0
0,285851,0
0,307931,1301696
0,250556,0
0,141884,0
0,52721,0
400000,58333,252000
0,223249,0
0,206197,0
0,89072,0
0,18589,0
0,295595,0
0,271714,28641776
0,38248,0
0,122525,0
0,222517,0
0,59871,0
0,260899,0
0,157683,0
0,111697,0
6000000,13803,0
0,192142,70918
0,171769,0
0,273745,0
0,75748,0
0,198657,0
0,75719,0
0,37203,0
0,41331,0
0,40657,0
0,81021,0
0,219572,81170000
0,40090,0
0,15956,0
0,192028,0
0,154793,0
0,87851,0
0,39060,0
0,5302,1218730
0,107052,0
0,59156,0
0,42220,0
0,68882,0
0,82114,0
0,79750,0
0,108535,0
0,103216,0
0,90659,0
0,68816,0
0,56369,0
0,58404,0
0,193641,0
0,59336,0
0,60063,0
0,55960,0
0,54398,0
0,82481,0
0,199222,0
0,75442,0
0,35995,0
0,189334,0
0,71063,0
0,105616,0
0,186630,0
0,81871,0
0,61911,0
0,221527,0
0,99916,0
0,63687,67821
0,195413,0
0,62036,0
0,48937,0
0,105778,0
0,32728,0
0,46278,0
0,44694,148426
0,79554,0
13000000,174733,0
1000000,257039,0
0,277597,0
160000000,131634,653428261
20000000,272878,43967255
88000000,257344,243637091
0,283489,0
110000000,262504,179246868
180000000,259316,809342332
0,38700,0
0,270919,0
0,321315,0
0,25506,0
0,60363,0
0,122268,0
0,48885,0
0,61669,0
0,33057,0
0,157289,0
0,94066,0
27000,42497,0
0,43248,0
0,99370,0
0,91266,0
0,325365,0
210,186079,0
0,168219,0
0,17189,0
0,59908,0
0,45133,0
0,286407,0
0,250653,0
0,72845,0
0,42293,0
0,338107,0
0,131934,0
5400000,215776,6500000
0,59843,0
0,245017,0
0,31073,0
0,26469,0
0,74849,0
5000,220287,0
0,251227,0
0,30485,0
0,339367,0
0,259997,0
0,253309,0
0,289239,0
0,86210,0
0,16530,0
0,190868,0
0,316310,0
0,216037,0
0,222297,7424
0,3056,0
0,30762,0
0,24020,0
0,62527,0
0,103014,0
0,71887,0
0,33871,0
0,28601,0
0,64265,0
0,34766,0
0,29742,0
0,34765,0
0,124134,0
0,70772,0
0,46004,0
0,124097,0
6000000,61717,0
0,14912,0
0,200487,0
0,92943,0
0,280996,29355203
3500000,22520,0
0,257109,0
0,23808,0
0,39978,0
0,175606,0
200000,63774,0
0,63178,0
0,80374,0
0,82113,0
0,43294,0
0,51912,0
0,56920,0
0,340961,0
0,58701,0
0,54166,0
0,11048,0
0,11053,0
0,11055,0
0,84066,0
0,95756,0
0,200938,0
0,76112,0
0,220782,0
0,128121,0
0,113284,0
0,220731,0
0,315893,0
0,55229,0
0,80177,0
0,314996,0
75000000,328111,875457937
0,172014,0
0,60142,0
5485,88018,0
5000000,85739,0
0,319188,0
0,57011,0
0,18839,0
0,153153,0
0,253315,0
0,217576,0
200000,134890,0
0,320430,0
0,240581,0
0,223946,0
0,14406,0
0,44937,0
0,96382,0
0,333346,0
11000000,111237,7200000
0,60495,0
0,92208,0
3000000,14565,0
0,264038,0
0,222951,0
0,49214,0
11000000,337876,41000000
0,223706,0
20000000,256962,6485961
0,309425,0
0,343921,0
0,84450,0
0,8703,0
0,11218,0
0,28851,0
26000000,238615,30523226
0,321068,0
0,245842,0
0,78338,0
0,212934,0
0,25318,0
31500000,302156,14708696
90000000,274854,146936910
15000000,287903,61548707
175000000,297761,745600054
0,335676,0
0,44511,0
0,300900,0
0,21840,0
0,207909,0
0,120194,0
0,25168,0
1823152,19620,7133082
0,251577,0
0,120664,0
0,297835,0
20000,115463,0
165000000,47933,389681935
185000000,188927,343471816
0,345896,0
0,108677,0
0,175553,0
250,114255,0
0,64305,0
0,30780,0
0,107937,0
240000,139357,2800000
0,228012,0
0,19951,0
0,31983,0
0,74481,0
0,15724,731753
0,30974,0
0,25329,0
10920000,79464,19660000
0,19672,0
0,20310,0
0,78233,0
0,57269,0
0,168501,0
500000,74586,0
0,19342,0
0,94585,0
0,196032,0
0,276909,0
0,256273,0
0,277558,0
0,299939,0
2745000,43083,5850000
0,38546,0
0,224087,0
0,13733,0
0,38238,0
0,32782,0
0,73147,0
15000000,293452,0
0,163406,0
0,32038,0
0,83388,0
0,257407,0
0,1838,0
0,92657,0
0,102368,0
0,32742,0
0,58089,0
96,215741,0
0,60202,0
0,45004,0
0,58545,0
0,56366,0
0,201913,0
0,220153,0
0,341176,0
0,251028,0
0,338100,0
0,279977,0
0,97082,0
0,96128,0
0,69160,0
0,22114,0
0,219666,0
0,81434,0
0,282502,0
445000,21950,2300000
0,109001,0
0,80880,0
0,46403,0
0,166255,0
0,140883,0
0,33460,0
0,155308,0
0,108665,0
0,29014,0
0,38877,0
20000000,293238,0
18550417,53774,0
0,46513,0
0,5064,0
0,49106,0
0,60568,0
0,201099,0
0,17903,0
9000000,20688,18130000
1500000,15761,6000000
17000000,117319,51000000
0,14705,0
0,41902,0
0,160265,0
0,170998,0
0,71308,0
0,19670,0
0,51730,0
0,75744,0
0,80156,0
0,39901,0
0,37588,0
0,69785,0
0,115124,0
0,155397,0
0,287767,0
11000000,20742,12000000
6900000,131940,15000000
0,66212,0
0,41378,0
0,66340,0
0,56095,0
0,64257,0
0,49642,0
0,73652,0
0,141131,0
0,41377,0
0,159636,0
0,59404,0
19500000,44977,91000000
0,38594,0
0,54503,0
11000000,14194,46396427
3000000,70006,0
0,49967,0
0,75840,0
0,31248,0
0,128206,0
0,212754,0
0,255528,0
0,85702,0
0,18881,0
0,28796,0
0,286519,0
0,13592,0
0,113190,0
0,217341,0
68000000,214756,217022588
5000000,79935,0
0,43099,0
0,53220,0
0,289159,0
0,305594,0
0,247645,0
0,265018,0
0,16318,0
0,86828,7200039
74000000,211672,1156730962
0,207686,0
0,85968,0
14000000,49375,16656125
0,148784,0
0,242382,0
0,35926,0
0,40793,0
0,42685,0
0,63887,0
0,172457,0
0,227690,0
0,264085,0
0,139075,0
0,27637,0
0,314327,0
0,296178,0
0,22390,0
0,24090,0
500000,47407,0
0,165621,0
0,10450,0
10000000,19792,0
0,19386,7
1000000,51501,0
0,14619,0
0,36896,0
0,9935,0
0,28229,0
0,21316,0
0,60541,0
0,10578,0
0,27847,0
6000000,14503,0
104002432,48495,0
0,15162,0
0,14212,0
0,13577,0
4000000,35626,0
0,269242,0
7500000,15338,0
0,14613,3800000
0,10704,0
0,15262,0
0,19212,0
0,25701,0
0,153750,0
0,40069,0
0,104108,0
0,16116,0
0,32338,0
0,53875,0
0,27404,0
0,128862,0
210000,21509,0
0,34789,0
0,59700,0
0,36692,0
0,144390,0
175000000,105864,331926147
53000000,261023,98837872
245000000,206647,880674609
0,36779,0
0,17922,0
0,61594,0
0,63315,0
0,20066,0
0,42444,0
0,82827,0
0,32480,0
0,74080,0
0,56341,0
0,146132,0
0,73827,0
0,58188,0
0,221717,0
0,61799,0
0,81831,0
0,162382,0
0,62397,0
0,56343,0
0,67377,0
0,60046,0
0,48955,0
0,59249,0
0,5839,0
0,56340,0
0,56435,0
0,79025,0
0,60195,0
0,82470,0
0,20983,0
0,22466,0
0,40146,0
3500000,10579,0
0,80647,0
2000000,64325,0
0,26342,0
0,30926,0
0,310569,0
0,92496,0
340000,120802,0
0,100057,0
0,75623,0
0,44661,0
4500000,14913,0
0,138372,0
0,161782,0
0,79854,0
0,13792,0
800000,131689,0
0,167960,0
0,260211,0
0,249021,0
0,277594,0
0,41862,0
0,35215,0
0,63083,0
0,132236,0
0,37211,0
0,13151,0
0,21956,0
0,203696,0
0,19323,0
0,26449,0
0,323660,0
0,57784,0
0,325780,0
0,281783,0
0,60038,0
0,57999,0
0,47245,0
0,82350,0
0,72886,0
5000,75101,0
0,37668,0
0,33274,0
0,331446,0
0,297291,0
0,302960,0
0,32195,0
0,213095,0
0,90029,0
0,13354,0
0,13350,0
0,20410,0
0,15601,0
0,20558,0
0,16390,0
0,30074,0
0,24615,0
0,24787,0
0,13355,0
0,12903,0
0,12902,0
0,119321,0
0,67900,0
0,36972,0
0,151535,0
0,81900,0
0,210769,0
0,308447,0
0,36868,0
0,101514,0
0,43960,0
0,68053,0
0,49725,0
0,71776,0
0,3405,0
0,94770,0
0,105509,0
0,19373,0
0,92853,0
0,117890,0
0,64465,0
0,87362,0
0,57706,0
0,4695,0
0,21578,0
0,292342,0
0,16014,0
0,103194,0
66260,47166,0
0,20720,0
0,34509,0
0,34513,0
0,14092,0
0,16774,0
0,66984,0
0,284274,0
0,14542,0
0,14540,0
0,346106,0
0,108930,0
0,29144,0
0,51786,0
0,261414,0
0,74510,0
0,23289,0
0,46343,0
0,53211,0
0,23377,0
0,164954,0
0,26809,0
0,42979,0
0,74722,0
0,145977,0
0,33556,0
0,20769,0
0,15977,0
0,15412,0
0,78187,0
15719,34463,0
0,60293,0
0,8557,0
0,222388,0
0,332980,0
0,300685,0
0,137144,0
0,75190,0
0,14541,0
0,16657,0
0,194104,0
0,335753,0
0,204912,0
0,77921,0
0,36218,0
0,5086,0
0,51531,0
0,92398,0
0,16237,0
0,85860,0
3000000,14813,21000000
0,82395,0
0,139659,0
0,16846,0
0,110588,0
0,231082,0
0,186254,0
0,81003,0
5000000,87533,807947
0,273926,0
30000000,321697,34441873
15000000,225728,12601706
0,200117,0
0,208305,0
0,246422,0
0,182873,0
0,202980,0
0,61901,0
0,52474,0
0,37633,0
0,65896,0
0,13400,0
0,83965,0
0,196257,0
0,221510,0
0,53219,0
31000000,296099,104384188
0,122126,0
0,250574,0
0,41371,0
0,46983,0
0,162320,0
0,44461,0
0,38811,0
0,49097,0
0,49112,0
0,227679,50000000
0,39057,50673078
0,25961,42238454
0,34067,0
0,226140,0
0,87233,0
0,282247,0
0,315024,0
0,294093,0
0,228358,0
0,309063,0
0,341984,0
0,253161,0
3200000,301730,0
0,316410,0
0,263913,0
0,299221,0
0,254024,0
4000000,254905,143101
0,297462,0
0,339355,0
2,305747,0
0,324333,0
20000000,239568,0
500000,282248,0
0,261103,0
3400000,279988,0
0,337663,0
0,335077,0
0,332662,0
0,31140,0
0,309924,161820
0,336167,0
0,337218,0
0,273610,0
0,331161,0
0,332976,0
9000000,327833,0
0,346838,0
0,82806,0
0,165790,0
0,64155,0
0,58525,0
0,39335,0
7000000,220471,0
0,268508,0
0,328448,0
0,276808,0
0,262866,0
0,143142,0
0,335805,0
0,128209,0
0,43371,0
0,84056,0
0,214146,0
0,57967,0
0,38517,0
0,102198,0
0,13748,2
0,262436,0
0,23843,0
0,115187,0
0,19582,0
0,245685,0
0,42934,0
0,105680,0
0,296456,0
0,179966,0
0,312796,0
0,334742,0
0,291865,0
8000000,317744,0
0,332936,0
0,275696,0
0,101724,0
0,277610,0
0,332488,0
0,276488,0
21000000,240483,0
0,319924,0
250,173224,0
2,58788,0
0,330011,0
0,261824,0
5300000,309887,0
0,308017,0
0,319986,0
0,4199,0
0,285649,0
0,279984,0
0,81009,0
0,20121,0
0,188684,0
0,33723,0
0,206237,0
0,38918,0
0,217412,0
0,213950,0
200,316776,0
0,27717,0
2500000,21905,3100000
0,30341,0
3150000,312791,0
27000000,79698,0
250000000,209112,873260194
0,94935,0
0,313646,0
0,208756,0
0,192573,0
0,158503,0
0,334449,0
0,315417,0
0,91527,0
0,109515,0
200,249677,0
0,263314,0
0,82935,0
0,214210,0
0,36952,0
0,275657,0
0,79838,0
0,43000,0
0,3026,0
0,47755,0
0,32323,0
0,303483,0
200000,201277,0
0,49398,0
0,128767,0
446000,300600,0
0,332177,0
0,338518,0
0,285549,0
0,297633,0
0,286548,0
9700000,272435,154701
10000000,290556,0
750,142391,0
0,283686,0
3000000,296367,0
0,307479,0
4000000,16261,0
114,179340,0
0,92424,0
0,31003,0
0,230217,0
0,40000,0
0,73933,0
0,77171,0
0,37789,0
0,44859,0
0,41574,0
8000000,41587,0
0,168361,0
0,279692,0
0,29597,0
0,71687,0
0,4645,0
0,52653,149337
0,287793,0
0,21896,0
1500000,29797,0
0,65683,0
0,258353,0
0,63326,0
0,116379,0
0,161825,0
0,221981,0
0,344255,0
0,68193,0
0,39824,0
0,200450,0
0,262522,0
0,137776,0
0,226701,0
0,306825,0
0,225850,0
0,270383,0
0,259894,0
0,18016,0
0,159763,0
0,103635,0
0,288668,0
0,69393,0
0,157655,0
0,38330,0
0,346570,0
0,242466,0
0,239513,0
0,224251,0
0,264560,0
0,70104,0
0,60664,0
0,143966,0
0,116609,0
2500000,157075,0
0,122982,0
0,17241,0
0,118406,17322136
0,75471,0
0,42554,0
0,140934,0
0,110204,0
0,78403,0
0,81470,0
0,38364,0
0,108391,0
0,64572,0
0,128979,0
0,23692,0
10000,65367,0
1850000,114162,0
0,9949,0
0,130267,0
0,58075,0
10,42966,0
0,41993,0
0,123938,0
0,42140,0
0,21181,0
0,104431,0
0,43764,0
0,273707,0
1100000,89309,0
0,72544,0
0,268245,0
0,257238,0
0,279086,0
0,46106,0
0,74666,0
0,73329,0
0,250376,0
25000,143144,0
0,37413,0
0,43773,0
0,36329,0
0,117343,0
0,43756,0
0,243462,0
0,212748,0
0,46197,0
0,192644,0
0,8932,0
0,86777,0
0,74477,0
0,173917,0
0,71243,0
0,144206,0
0,152266,0
0,301368,0
0,171648,0
0,75981,0
0,202960,0
114000,263794,0
0,30688,0
0,161565,0
0,317144,0
0,73098,0
0,174350,0
0,189080,0
0,234555,0
0,209248,0
0,44647,0
0,213648,0
0,240154,0
0,285024,0
0,284729,0
1600000,29109,0
0,193652,0
0,49190,6500000
3500000,24686,9112193
0,277237,0
0,146371,0
0,41945,0
0,179641,0
0,270173,0
0,331781,8413144
0,37613,0
0,72183,0
0,253622,0
0,25764,0
0,46783,0
0,272892,0
60000,140489,0
0,29562,0
0,277702,0
0,195912,0
0,57327,0
0,63319,0
0,41869,0
0,343977,0
0,72972,0
0,14787,0
0,42246,0
0,43956,0
0,199753,0
9000000,139374,0
0,39408,0
0,251671,0
0,102016,0
0,45302,0
0,86326,0
0,124042,0
0,202722,0
0,58487,0
0,159389,0
0,125911,0
0,19598,0
0,100061,0
0,121604,0
500000,55012,0
0,56766,0
0,110122,0
0,115290,0
0,96995,0
0,82626,0
0,174341,6420
0,108322,0
0,6962,0
0,16355,0
0,54099,0
0,49701,0
0,45948,0
0,143344,404075
0,49711,0
0,43027,0
0,45997,0
0,46769,0
0,60087,0
0,29420,0
0,29419,0
0,81937,0
0,3125,0
0,42477,0
0,82667,0
0,37042,0
90000,5742,0
0,5747,0
0,5744,0
0,5648,0
0,5748,0
0,22373,0
2500000,254472,0
0,270771,0
0,248934,0
0,347157,0
0,129552,0
0,126692,0
0,85110,0
0,127148,0
0,127320,0
0,127323,0
0,207454,0
0,141603,0
14800000,264999,122513057
0,26599,0
0,260840,0
2137000,346490,0
0,289891,0
0,200511,0
0,72808,0
0,148757,0
0,198466,0
0,81787,0
0,53914,0
0,53648,0
0,3935,0
0,63176,0
0,81775,0
0,108179,0
0,99095,0
0,150605,0
0,61823,0
0,67378,0
0,99883,0
0,110924,0
0,93907,0
0,348090,0
0,85956,0
0,172824,0
0,112963,0
0,172548,0
0,155724,0
0,179603,0
0,70046,0
0,201350,0
0,60662,0
450000,42916,0
0,226188,0
0,137310,0
0,332354,0
0,248426,0
0,107262,0
0,56608,0
0,169594,0
0,251544,0
0,101176,1081
2800000,42971,0
200000,172729,0
0,71884,0
0,46227,0
0,261041,0
0,253263,0
0,98349,0
0,75329,0
0,59147,0
0,33429,0
3,75657,0
0,305969,0
0,68050,0
0,41771,0
0,59171,0
0,114221,0
0,15638,0
0,57709,0
0,151923,0
0,77625,0
0,221161,0
232000,270221,0
0,66590,0
0,120457,0
0,101956,0
175000000,278927,966550600
0,65973,0
5000000,303857,61768190
0,113525,0
0,82191,0
0,169962,0
0,344560,0
0,131830,0
0,37501,0
0,156140,0
0,87194,0
26000000,316002,0
0,206514,0
0,27379,0
0,41419,0
0,32158,0
0,113958,0
18000000,316654,1500000
0,112672,0
0,70669,0
0,126306,0
0,259075,0
0,294819,0
0,105087,0
0,27743,0
0,293270,0
0,124504,0
0,53121,0
0,114594,0
0,172469,0
0,197626,0
0,126841,0
0,297621,0
0,45377,0
0,167153,0
0,23691,0
112000,80327,0
0,204607,0
0,143547,0
0,61542,0
0,137484,0
0,39242,0
0,34557,0
0,78096,0
0,102931,0
1,188529,0
0,285856,0
0,73353,0
0,20227,0
0,17022,0
0,101752,0
0,319090,0
0,129067,0
2691570,41141,0
75000000,203801,108145109
0,320385,0
0,293625,0
0,172785,0
0,38246,0
0,44952,0
3500000,63971,0
0,240737,0
0,74546,0
0,112878,0
0,137683,0
1900000,134018,0
1000000,163583,0
0,82634,0
0,323027,0
0,83785,0
0,133738,0
0,41950,0
0,297173,0
0,212752,0
0,77852,0
0,12638,0
0,62557,0
0,219248,0
0,14983,0
0,169644,0
0,87884,0
0,128612,0
1750000,83583,0
0,199056,0
0,41342,0
0,331737,0
3250000,286372,3250000
0,337879,0
0,338234,0
0,215023,0
0,188758,0
0,255798,0
0,287689,0
0,333594,0
35000000,285783,61181942
50000000,300671,69411370
0,324670,0
5000000,273169,12058187
0,74645,0
0,134679,0
0,319167,0
0,154980,0
0,277582,0
0,156084,0
0,343934,0
300000,66346,0
0,127856,0
0,48412,0
0,29964,0
0,104974,0
0,159324,0
0,88658,0
0,308077,0
0,348499,0
0,348507,0
0,348528,869
0,62134,0
0,57311,0
3100000,54627,0
5000000,77000,0
6000000,85038,35000000
8100000,61940,0
0,24168,0
0,58444,0
0,42679,0
0,56041,0
0,139504,0
0,63190,0
6843500,147868,10703234
0,63365,0
0,133788,0
0,108664,0
0,23509,0
3000000,73869,0
0,46128,0
0,57713,0
11000000,77944,12935800
0,58518,0
0,22182,0
0,56844,0
0,56014,0
0,59570,0
0,58453,0
0,60650,0
0,145872,0
0,56400,0
0,58531,0
0,72057,0
0,123375,0
0,160844,0
0,49850,1700000
0,169692,0
0,137315,0
0,219067,0
2700000,166262,0
0,141810,0
0,162282,0
0,58013,0
0,146364,0
0,238705,0
0,195544,0
0,171826,0
0,175116,0
0,156547,0
0,158182,0
0,184681,0
0,270479,0
0,178915,9500000
2500000,186982,0
0,182415,0
0,169069,0
0,201010,0
0,58204,0
2000000,250219,0
0,249457,0
0,191820,11294
0,153774,13983
0,262789,0
0,24243,0
0,247218,0
0,231565,0
0,197089,0
0,215628,0
0,226936,0
0,234356,0
0,56853,0
0,228290,0
110,235208,0
18000000,287935,0
0,301272,0
0,262785,0
0,348544,0
0,38328,0
0,57112,0
0,42808,0
0,58703,0
0,57110,0
0,58714,0
0,62349,0
0,84739,0
0,42675,0
0,56994,0
5940000,51917,4250000
0,56974,0
0,23619,0
0,58011,0
0,58400,0
10000000,15681,0
0,53957,0
0,56339,0
0,35554,0
0,58060,0
0,78854,0
0,62029,0
0,105884,0
0,165550,0
0,85009,0
0,18441,0
0,292988,0
0,273511,0
0,80473,0
0,257975,0
3300000,301748,45000
0,82115,0
0,89847,0
0,273084,0
0,128625,0
0,191094,0
0,38162,0
0,290235,0
0,129530,0
0,28741,0
0,219645,0
0,124054,0
0,348574,0
0,336560,0
0,292607,0
0,45939,0
100000,299245,42664410
300,78339,0
0,51986,0
0,239417,0
0,280512,0
0,295368,0
0,64943,0
0,266353,0
0,240566,0
0,53851,0
0,17048,0
0,224908,0
0,63438,0
0,295279,0
0,277687,0
5700000,110447,0
0,326139,0
0,19560,0
5000000,117700,0
0,89870,0
0,40039,0
0,43200,0
0,22335,0
2000000,228101,0
0,23717,0
0,58195,0
0,70570,0
0,18618,0
0,54155,0
0,284362,0
0,293299,0
0,44869,0
0,39318,0
0,102038,0
0,338353,0
0,29737,0
0,176867,0
0,77641,0
0,293901,0
0,115260,0
750000,58903,0
0,286657,0
0,127594,0
0,28450,0
900000,166161,0
5000000,211528,0
0,40012,0
0,82136,0
0,238358,0
0,226792,0
0,41345,0
0,172390,0
0,335970,0
0,26948,0
0,320433,0
2489400,283201,0
0,54392,0
0,279144,0
0,85643,0
0,119801,0
0,49418,0
0,28561,0
0,290672,0
0,250622,0
0,2166,0
0,198521,0
0,107352,0
0,197491,0
0,133469,0
0,114887,0
0,20389,0
0,86154,0
0,29466,0
0,14096,0
0,41002,0
0,39535,0
0,13296,0
0,95862,0
0,181850,0
0,73203,0
2000000,34098,0
0,29260,0
0,35951,0
2000000,47410,0
0,43533,0
0,79526,0
0,231263,0
0,120475,0
0,87593,0
0,132894,0
0,95758,0
0,347688,0
0,120589,0
0,323383,0
0,207699,0
0,47447,0
0,46230,0
0,60843,0
0,53315,0
0,60002,0
0,71763,0
0,45511,0
0,31991,0
0,316637,0
0,21214,0
0,70583,0
0,83473,0
0,20012,0
0,31954,0
5000000,132137,0
0,51938,0
0,70351,0
0,131116,0
0,79247,0
0,65696,0
0,226702,0
0,38141,0
0,116997,0
0,34334,0
0,262517,0
0,315575,269144
0,12578,0
0,204016,0
20000000,182560,208588
0,48751,0
0,3602,0
0,78210,0
7000000,61638,0
0,77939,0
0,55853,0
0,44508,0
0,103753,0
0,214699,0
0,142373,0
0,142374,0
0,65040,0
0,77673,0
0,259963,126150
0,54734,0
0,54743,0
0,54744,0
0,54731,0
0,54685,0
0,54746,0
0,54677,0
0,54692,0
0,54694,0
0,142161,0
0,149255,0
0,188509,0
0,233466,0
0,232048,0
0,251425,0
0,259679,0
0,163814,0
1300000,336804,250000
0,163343,0
0,337677,63802
0,101183,0
0,77248,0
0,62931,0
0,16224,0
310000,189227,12000000
0,66224,0
0,69598,0
1000000,191476,0
0,307261,0
1000000,112456,0
14000000,348892,98000000
0,76850,0
0,342003,0
0,267557,0
0,329134,0
0,55951,0
0,62713,0
0,42129,0
0,143754,0
0,90540,0
0,69579,0
0,161299,0
0,326013,0
0,260817,0
0,262514,0
0,292640,0
0,336211,0
130000,31150,0
0,104965,0
0,246916,0
0,295581,0
0,142656,0
0,17100,0
9500000,93511,0
0,5731,0
0,287484,0
0,114423,0
250000,117618,0
0,66925,0
0,131966,0
0,36529,0
0,146315,0
0,332745,0
2000000,118397,0
0,44192,0
0,40460,0
0,119540,0
0,180717,0
0,233564,0
400000,273743,0
0,128152,0
0,144351,0
0,199565,0
3000000,29883,0
0,298609,0
0,123224,0
0,263986,0
0,333545,0
0,322922,0
0,321662,0
0,252164,0
0,313179,0
0,328820,0
0,308418,0
0,276729,0
0,203182,0
0,348191,0
0,312167,0
0,45431,0
0,260094,0
0,275210,0
0,22177,0
0,273651,0
30000,71548,0
0,58250,0
0,312138,0
0,88334,0
0,42983,0
0,340230,0
135000000,281957,532950503
0,40165,0
0,230588,0
0,108632,0
0,12424,0
0,57052,0
0,55717,0
0,44211,0
0,24169,0
0,59582,0
0,29804,0
11000000,282984,27391084
12000000,314405,0
1000,347968,0
0,349045,0
0,336845,0
0,29610,0
0,136801,0
0,68712,0
2000000,86215,0
0,71392,0
0,19725,0
0,142758,0
4000000,25151,0
200,123389,0
100000,239628,0
0,41614,0
0,238923,0
0,38963,14961069
0,40127,0
15000,325592,0
0,342765,0
0,137700,0
0,40701,0
0,4398,0
0,72589,0
0,21784,0
0,4580,0
0,71002,0
0,14021,0
0,55470,0
0,9878,0
0,302348,0
0,317952,0
700,27122,0
250000,85657,0
0,228606,0
0,154537,0
0,241071,0
0,136928,0
0,19445,0
0,61527,0
0,86000,0
0,49960,0
0,69599,0
0,294222,0
0,98068,0
0,98532,0
0,288424,0
40000000,256040,100000000
0,189019,0
0,16808,0
0,97938,0
1500000,26676,0
0,258305,0
0,324819,0
0,292795,0
0,266047,0
0,278837,0
0,44781,0
0,258614,0
0,284286,3447633
0,199273,0
0,69550,0
0,107426,0
0,30299,0
0,138550,0
0,81549,0
0,69326,0
0,197297,0
0,257249,0
0,342052,0
0,108497,0
0,244776,0
0,339065,0
3500000,289510,0
0,256511,0
6000000,326215,0
30000000,307081,91709827
30000000,273481,84025816
0,212996,0
0,218688,0
0,350931,0
0,122320,0
0,284303,1178196
0,36165,0
0,171688,0
0,318868,0
0,75547,0
0,243279,0
0,117168,0
0,280459,0
0,57479,0
0,76477,0
750000,52044,0
10000,115451,0
0,326262,0
0,336118,0
0,95892,0
0,342878,0
0,348811,0
0,346592,0
0,260677,0
0,278236,0
0,300467,0
0,128960,0
0,229138,0
0,96750,0
0,327685,0
0,77292,0
0,24676,0
0,283350,37151
2000000,78441,0
0,73128,0
0,84734,0
1000000,319067,0
0,294562,0
6000000,344147,0
0,258521,0
0,326241,0
0,60898,0
0,300686,0
0,266619,0
0,190148,0
0,312131,0
0,109695,0
0,348857,0
0,67362,0
0,262987,0
0,162954,0
0,38812,0
0,311615,0
3800000,8460,0
0,10594,0
0,229582,0
0,211076,0
0,313788,0
0,33558,0
0,266425,0
0,153021,0
0,80015,0
0,207649,0
0,98125,0
12000000,13336,0
300000,10270,0
0,204709,0
0,283317,0
3000000,304613,0
0,64348,0
0,39998,0
0,118379,0
0,254502,0
0,156896,0
0,314220,0
0,137002,0
0,249934,0
0,130973,0
8000000,291270,5659286
14000000,318781,3621046
0,212168,0
0,240341,0
0,279254,0
0,214348,0
0,61765,0
0,267091,0
0,53800,0
0,97403,0
0,269999,0
0,99022,0
26700,159039,0
0,102812,0
0,59444,0
0,288788,0
0,209049,79
0,211711,47
0,270842,0
0,317720,0
0,306758,0
0,272875,0
0,320132,0
0,148652,0
0,29342,0
0,86223,0
0,171429,0
0,298614,0
0,253344,0
300,197276,0
0,42727,0
0,236329,0
0,325645,0
0,49321,0
0,246457,0
0,42395,1296000
0,120922,0
0,43592,0
0,41669,0
0,41668,0
0,64822,0
0,41665,0
0,37770,0
0,52106,0
0,41664,0
0,38315,0
0,82080,0
0,38313,0
0,30459,0
0,38310,0
0,26285,0
0,106256,0
0,41610,0
0,342896,0
0,231616,0
0,329289,0
0,24161,0
0,58070,0
0,63274,0
0,37765,0
0,11441,0
0,38271,0
0,68275,0
0,128657,0
0,35634,0
0,59507,0
5000,4255,0
0,220436,0
13000000,157544,1784763
0,28417,0
0,61312,0
0,42031,0
0,178917,0
0,37961,0
0,106417,15
0,114189,0
0,59241,0
0,285858,0
0,283701,0
0,288778,0
1700000,352539,0
0,324230,0
0,253944,0
0,315846,346485
0,283127,12756
35000000,257211,194564672
0,17401,0
0,342917,0
0,142402,0
39000,169364,0
0,145874,0
0,50339,0
0,338676,0
23000,27412,0
0,209413,0
0,104242,0
0,140208,0
0,210923,0
0,165108,0
0,273599,0
0,102292,0
0,297098,0
0,318033,0
0,224100,0
0,289933,0
0,248379,0
0,277217,0
3000000,292431,249083
0,311600,0
0,147050,0
0,192023,0
0,61719,0
6000000,264644,35401758
0,204771,0
0,135697,0
0,79456,0
3000000,295723,0
0,133603,0
0,250374,0
0,145312,0
0,49672,0
0,192911,0
0,102831,0
0,238925,0
0,226458,0
0,230095,0
0,5871,0
0,267804,0
0,15657,0
0,46665,0
0,261047,0
0,130374,0
0,170455,0
0,210274,0
0,47292,0
0,284258,0
0,86332,0
6000000,277546,0
0,104524,0
0,74495,0
0,52589,0
0,331251,0
5000000,328425,58978653
0,18380,0
0,171873,0
0,137853,0
0,80648,0
0,277847,0
0,245963,0
0,25161,0
3500000,310131,40423945
0,80219,0
170000,250312,0
0,79000,0
0,15126,0
0,52369,0
0,122369,0
0,296313,0
5000000,300667,443962
0,39229,0
0,39230,0
0,214137,0
0,318042,0
0,351964,0
8000000,121640,42330
0,353652,0
0,353653,0
0,324150,0
0,302502,0
0,291156,0
0,337958,0
0,64872,0
0,25423,0
0,348035,0
0,217389,0
0,190945,0
0,77322,0
0,239056,0
0,30428,0
4,63963,0
0,129517,0
10000000,277154,0
0,286192,0
0,66799,0
0,42515,0
0,65431,0
0,27169,0
0,67846,0
0,25926,0
0,238399,0
0,80609,0
0,281979,0
0,80801,0
0,182217,0
0,252520,0
0,13415,0
0,60551,0
0,89738,0
0,76790,0
0,82767,0
0,164652,0
0,108227,0
0,85411,0
0,7092,0
0,35178,0
0,60071,0
0,86543,0
0,50503,0
0,57857,0
0,30101,0
23000000,815,0
0,154207,0
0,24442,0
0,211231,0
0,33754,0
0,230428,0
0,93492,0
0,103711,0
0,106358,0
0,126712,0
0,26155,0
0,18082,0
0,34138,0
0,61113,0
0,137984,0
0,67313,0
0,121001,0
0,121959,0
0,106355,0
0,124523,0
0,142064,0
1100000,25180,0
0,151937,0
0,121945,0
0,49928,0
0,29055,0
0,27010,0
0,29054,0
0,142971,0
0,60587,0
0,150329,0
0,77606,0
0,160718,0
0,27338,0
0,109170,0
0,103260,0
0,27339,0
0,32677,0
0,20435,0
0,51881,0
0,288201,0
0,278604,0
0,252724,0
0,60457,0
0,270616,0
0,103688,0
0,20183,0
0,23331,0
0,105073,0
0,225958,0
0,39015,0
0,85827,0
0,56067,0
0,128795,0
0,55027,0
0,302721,0
0,13204,0
0,71665,0
0,23280,0
0,18688,0
0,60238,0
0,79419,0
5000000,298312,98450062
19500000,290751,34854990
0,76737,0
10000000,283445,52882018
0,174712,0
0,108048,0
0,104232,0
0,289198,0
0,88013,0
0,143634,0
0,193977,0
0,85221,0
0,127391,0
0,212362,0
0,49273,0
0,100247,0
5000,133213,0
0,205263,0
0,24448,0
0,343295,0
0,114955,0
0,130296,0
0,52485,0
0,200580,0
0,204095,0
0,243026,0
0,31410,0
0,345944,0
0,37487,0
0,38666,0
0,155685,0
0,107427,0
0,105687,0
0,276155,0
0,15531,0
0,347528,0
0,234931,0
0,312149,0
5000000,332270,0
0,202570,0
0,128311,0
0,262897,0
0,337073,0
0,117904,0
0,109797,0
0,84730,0
0,41012,0
0,60279,0
0,27907,0
0,124471,0
0,45716,0
0,77882,0
500000,55149,0
0,135510,0
0,223566,0
0,243233,0
0,261005,0
0,123730,0
0,40368,0
0,104360,0
40000000,257932,0
0,296130,0
0,60813,0
0,103601,0
0,23903,0
0,246699,0
28000000,261392,27139524
5000000,192141,54418872
28000000,277216,201634991
0,167284,0
0,298078,0
12000000,135858,0
0,34210,0
0,310133,134552
0,49070,0
0,45940,0
0,56821,17500000
0,134777,0
0,41423,0
0,41636,0
0,19654,0
0,19828,0
0,40205,0
25000,23427,0
0,32633,0
0,146778,0
0,77583,0
0,19369,0
0,36041,0
0,29063,0
0,185768,0
0,135465,0
0,35005,0
0,152042,0
0,212926,0
650000,251471,0
0,157420,0
0,283700,0
0,42478,0
0,117550,0
0,238593,0
0,253687,0
0,45943,0
0,260372,0
0,50670,0
0,53064,0
0,13430,33053559
0,22121,0
7,256930,0
3400000,241693,0
0,295830,0
0,30575,0
0,37100,0
0,28460,0
0,59557,0
100000,308084,702354
0,16923,0
0,284674,0
0,39773,0
0,307293,0
0,259300,0
0,56672,0
0,42053,0
0,135579,0
0,216580,0
88,8930,0
0,319337,147315
0,319340,0
0,126862,0
0,258284,0
0,50162,0
0,95077,0
0,274899,0
0,299828,0
0,81229,0
0,57775,0
0,324578,0
0,298729,0
0,261036,37285
0,44320,0
100,268917,0
0,347035,0
0,262782,0
0,258034,0
0,60850,1101480
0,202456,0
0,107039,0
0,292387,0
0,297641,0
0,80754,0
0,225408,0
0,44741,0
0,131585,0
0,68823,0
0,75713,0
60000000,274479,101134059
0,73669,0
0,75025,0
0,109610,0
0,63670,0
0,94052,0
0,53129,0
25000000,17935,16815892
2200000,61998,0
0,43651,0
0,52761,0
0,256836,0
0,64383,0
3000000,351043,0
0,150191,0
0,260891,0
0,92292,0
0,28482,519204
0,202839,0
0,296820,0
0,130624,0
0,179553,0
0,81438,0
0,210050,0
0,282374,0
0,193502,0
0,81760,0
40000000,228066,34227298
0,47736,0
500000,84401,845188
0,185326,0
0,160907,0
0,118553,0
0,74128,0
0,19247,0
0,4705,0
0,274820,0
0,26189,0
0,243059,0
0,231009,0
0,339327,0
0,91624,0
0,287628,0
0,336251,0
0,325263,0
0,76871,0
1230000,353898,0
0,336203,0
0,306543,0
0,316170,0
0,50341,0
0,65628,0
0,116236,0
0,297505,0
0,289679,0
0,270463,0
0,270470,0
0,192431,0
0,317655,0
0,82567,0
0,136627,0
0,31169,0
0,228039,0
0,64735,0
0,99762,0
0,75634,0
0,66127,0
0,354128,0
0,330037,0
0,37091,0
0,278388,0
0,264569,0
7000000,354556,0
0,39915,0
0,265640,0
0,49455,0
0,209764,0
50000,115873,300000
0,116155,0
0,16566,0
0,20931,0
70200000,42949,0
0,189621,0
0,100024,0
0,83415,0
11180,98203,24591
0,175386,0
0,239519,0
0,33787,0
0,58646,6000000
0,74430,0
0,2988,0
0,167583,0
3000,27328,0
0,212051,0
0,190213,0
0,33551,0
0,253876,0
0,142106,0
0,56968,0
0,21927,0
5500000,25713,0
0,354544,0
0,10492,0
0,121550,0
0,99863,0
0,73430,0
0,46617,0
0,107076,0
0,19505,0
0,97991,0
0,189723,0
0,180114,0
0,41241,0
0,87388,0
0,177190,0
0,158750,0
0,180152,0
0,273106,0
0,120672,0
0,136752,0
0,170603,0
0,198143,0
0,58625,0
0,257447,0
0,66568,0
0,299359,0
0,72639,0
0,12598,0
0,134480,0
0,43142,0
0,248639,0
0,139349,0
0,207850,0
0,290789,0
0,43710,0
0,344591,0
0,27306,0
0,28646,0
0,27351,0
0,82466,0
0,64218,0
0,97187,0
0,76940,0
0,20044,0
0,63046,0
0,52764,0
0,250558,0
0,138450,0
0,56725,0
0,68115,0
0,21836,0
0,206461,0
0,49978,0
0,42132,0
0,318922,0
0,323694,0
16000000,301875,2084628
0,48297,0
0,329637,0
15000000,273477,14860766
0,196065,0
0,253155,0
0,83232,0
0,315859,0
0,180679,0
0,59429,0
14000000,245168,16002420
0,113638,0
0,319669,0
0,285860,0
0,29008,0
0,319373,124518
0,290316,0
0,336655,0
0,295111,0
0,260313,0
0,284048,0
0,320643,0
0,58858,0
0,32671,40758
0,265758,0
0,16516,0
0,183859,0
0,62323,0
0,139572,0
0,79721,0
0,224297,0
0,107406,0
0,259999,0
0,135679,0
0,274906,0
0,105584,0
0,27255,0
0,2909,0
0,171885,0
0,336206,0
0,45075,0
0,261884,0
0,83052,0
0,12448,0
0,204342,0
0,91973,0
0,293828,0
0,20947,0
0,347096,0
1500000,208242,0
0,253255,0
0,83581,0
0,209921,0
0,49087,0
0,54040,0
0,132912,0
0,41061,0
0,113388,0
0,48119,0
0,48856,0
0,346646,1200627
0,291549,0
0,65103,0
0,310135,0
0,63569,0
0,70418,0
0,22084,0
0,45602,0
0,217414,850259
0,106194,0
0,67280,0
0,86955,0
0,111344,0
0,138167,0
0,86990,0
0,336664,0
0,23388,0
0,52050,0
0,267815,0
0,85820,0
0,6945,0
0,270759,0
0,41288,0
0,198204,0
0,54570,0
0,88737,0
0,60932,0
0,49843,0
0,316885,0
0,319513,0
0,191718,0
0,330421,14000000
0,177104,0
0,348296,0
0,26847,0
0,287241,0
6000000,301351,11122090
0,253333,0
5000000,62409,0
0,53743,0
0,112130,0
0,50715,0
0,115616,0
0,146949,0
0,91691,0
3000000,323272,67790117
0,180900,0
0,284290,0
0,273153,0
0,16366,0
0,281124,0
0,357130,0
0,128939,0
0,352552,0
25000000,276907,42972994
0,277710,0
0,306943,0
0,285841,0
0,60061,0
0,352173,0
0,353879,0
0,328714,0
0,324266,0
0,253253,0
0,301629,0
0,300542,0
0,93840,0
0,323373,0
0,343289,0
0,78572,0
0,335837,0
0,288585,0
0,59499,0
0,349048,0
0,11204,0
0,238398,0
0,268009,0
0,82313,0
0,134144,0
0,180759,0
0,335874,0
15000000,306819,64191523
0,224894,0
0,295401,0
0,56554,0
5000000,57876,0
0,357935,0
0,263570,0
0,128634,0
0,330171,0
0,152787,0
0,297755,0
0,17433,0
0,241843,581011
0,141138,0
0,148622,0
0,32336,0
0,27920,0
0,27924,0
0,65142,0
0,73546,0
0,27934,0
0,27935,0
0,46010,0
0,63258,0
0,57781,0
0,56547,0
0,77986,0
0,57778,0
0,63303,0
0,78132,0
0,42275,0
0,80155,0
0,71051,0
0,41605,0
0,31648,0
0,324308,494506
0,87835,0
0,33789,0
0,125558,0
0,266433,0
0,347328,0
0,319910,0
0,252773,0
4000000,284279,0
5000000,313922,3220371
0,37923,0
0,72614,0
0,117863,0
0,20899,0
0,298432,0
0,108586,0
0,24436,0
0,5900,0
0,163428,0
6000000,283587,9077700
0,328132,0
0,293850,0
0,27724,0
0,285460,0
800000,241739,0
0,261817,0
0,49693,0
0,326441,0
80,273261,0
0,333344,0
0,242462,0
2500000,356216,0
0,296503,0
0,233490,0
0,261818,0
6000000,328589,41387687
0,338928,2642899
0,317981,0
0,346093,0
0,280005,0
0,355135,0
0,72720,0
0,150213,44057737
0,50087,0
0,41091,0
0,318279,2334228
0,231392,0
0,323674,0
0,41144,0
0,323366,0
0,345468,0
0,57627,0
0,298865,0
0,191312,0
0,279968,0
0,266061,0
24720400,303903,0
150000000,350499,0
0,71118,0
0,68591,0
0,286452,0
0,70069,0
0,50506,0
0,90118,0
0,42673,0
0,275985,0
0,350555,0
0,153781,0
0,295884,0
0,104244,0
0,126415,0
0,95375,0
0,195768,0
0,85784,0
0,95864,0
0,2798,0
0,91060,0
0,242262,0
1556288,310123,1268395
25000000,287948,72629670
0,126832,0
0,218974,0
0,154582,0
0,89625,0
0,163942,0
0,277261,0
0,197177,0
0,193315,0
0,5804,0
0,86500,0
0,230896,0
0,38060,0
0,46963,0
0,96701,0
25496629,86868,40924982
12560000,31359,42700000
0,294086,0
0,342474,0
0,310137,0
2500000,263472,6341684
0,342021,0
0,290714,0
0,75901,0
0,312827,28281
0,318973,0
0,50126,0
40000000,264264,0
0,83827,0
0,128174,0
0,87300,0
0,248561,0
0,300532,0
0,80089,0
0,111981,0
0,261192,0
0,92780,0
0,296523,454516
0,283161,0
0,200813,0
0,299729,0
0,120581,0
2000000,65614,696681
0,271039,0
0,242115,0
0,102155,0
0,151731,0
0,52060,0
0,167733,0
0,258255,0
0,211914,0
0,104150,0
0,34204,0
0,106513,0
0,327749,0
0,169794,0
0,45489,0
0,324281,0
0,205076,0
0,162383,0
0,181574,0
0,215302,0
0,51272,0
2200000,81481,31500000
0,48675,0
0,51836,0
1500000,28640,0
0,65014,0
0,45052,0
0,32285,0
0,74225,0
1400000,288154,0
7000,108147,0
0,46169,0
130000,74254,1677
0,338729,108083
12000000,300153,0
0,307510,0
0,269961,0
0,319341,0
10000000,303991,1978592
0,331592,0
0,351901,0
0,60190,0
0,358982,0
0,218576,0
0,356149,0
0,315335,9127383
0,81704,0
119567,65953,0
0,222939,0
0,345931,0
0,345913,0
0,84418,0
0,86271,0
0,88348,0
0,319076,0
0,82939,0
0,28064,0
0,116194,0
1500000,46025,0
0,139156,0
0,100243,0
0,68023,0
0,28538,0
0,91265,0
0,128797,0
0,83121,0
0,84584,0
0,22726,0
0,35611,0
0,46436,0
0,27909,0
0,150839,0
0,101444,0
0,8692,0
0,36275,0
0,114609,0
0,98027,0
0,77165,0
0,96133,0
0,294543,0
0,196761,0
0,326723,0
0,274483,0
0,306838,0
0,284284,0
0,327389,0
0,204255,0
28000000,10317,7002261
0,340382,0
0,332839,0
0,63276,0
11097000,84858,49028000
6400000,118051,18800000
15000000,253450,632542
0,356846,0
0,104973,0
0,28058,0
0,254302,346472
25000000,296100,52395996
0,334538,0
0,284294,166775
0,43457,0
0,284870,0
0,121206,0
0,17938,0
5000000,352978,0
0,322125,0
0,285840,0
0,34381,0
55000000,253412,203427584
0,212162,12947880
0,152044,0
0,45492,0
8555500,330764,0
0,342550,0
0,284875,0
0,30294,0
0,105861,0
0,90094,0
0,283711,0
0,49326,0
0,2004,0
0,2333,0
0,1539,0
0,11440,0
40000000,334298,385284817
0,338421,0
0,35922,0
20000000,314365,88346473
0,359108,0
1000000,336050,1777043
0,270081,0
0,311417,0
0,101420,0
0,333674,0
0,344120,0
19000000,245698,5578519
10000000,325348,14333790
0,57203,0
0,211755,0
0,321228,0
0,257237,0
0,239523,0
0,19430,0
23430,109632,0
0,239619,0
0,65766,0
0,15640,0
0,285598,0
0,290382,0
20000000,295964,36606743
15000000,157843,0
0,353686,0
0,300839,0
0,359105,0
0,154671,0
0,315841,0
0,91007,13
0,11142,0
0,243473,0
0,18303,0
0,42427,0
0,322434,0
0,38977,0
0,267970,0
0,335310,0
0,44827,0
0,160155,0
0,24801,0
0,73527,0
0,285838,0
0,30921,0
0,322443,0
20000,240268,0
0,25088,0
20000,74555,0
0,296065,0
0,36588,0
0,329263,83027924
0,290637,2160298
0,45083,0
0,49961,0
0,139276,0
0,269747,0
0,296750,0
0,349498,0
0,65586,0
5000,201274,0
0,20378,0
0,312963,0
0,180685,0
1700000,54558,0
0,42032,0
0,219435,0
0,27456,0
0,43551,0
0,18557,0
0,103066,0
0,72850,0
0,43481,0
0,55612,0
0,322740,0
4100000,205017,4300000
0,66211,0
0,136109,0
0,51512,0
0,37571,0
0,340190,0
0,92395,0
0,329205,0
0,104709,0
0,9987,0
0,110568,0
0,45326,0
0,119197,0
0,44682,0
0,65092,0
750000,84449,0
0,61502,0
0,66447,0
0,119478,0
0,87706,0
0,58432,0
0,86120,0
0,15711,0
0,175334,0
0,14169,0
0,27114,0
0,271736,3286448
0,184862,0
0,81660,0
0,286789,0
0,206480,0
0,77197,0
0,186227,0
0,40251,168180
0,44656,0
0,246299,0
0,90682,0
2000000,300090,0
0,342657,0
0,347697,0
0,344476,0
25784494,315509,0
0,343059,0
0,58895,0
2000000,40341,0
1500000,298582,0
0,73339,0
0,28805,0
7400000,268660,1300000
220000,257160,1500000
0,19657,0
0,173728,0
2000000,49035,6000000
0,81273,0
0,19636,0
0,19637,0
0,54971,0
0,170838,0
3000000,38637,14000000
0,97342,0
480000,182131,0
0,58493,0
0,62368,0
0,245536,0
0,178755,0
0,312940,0
0,355545,0
0,285181,0
0,289039,0
980000,298721,0
200000,322614,0
0,336805,0
0,341077,0
0,97110,0
0,74717,0
0,74718,0
0,278718,0
0,293941,0
0,342925,0
2907868,335490,0
0,40483,0
0,289191,0
0,2232,0
0,126227,0
0,144111,0
0,20361,0
0,295314,0
0,337730,0
0,95807,0
3000000,336149,0
0,32707,0
0,330298,0
0,267463,0
0,361138,0
0,10645,0
0,359325,0
0,13305,0
0,353500,0
0,104274,0
0,311539,0
0,459,0
0,457,0
0,25234,0
0,354667,0
0,40487,0
0,38237,0
0,17874,0
0,26679,0
14000,66881,0
0,6318,0
0,353117,0
0,78224,0
0,255775,0
0,277967,0
0,324245,0
0,168981,0
0,96717,0
0,320736,0
0,338767,0
0,338273,0
0,361159,0
0,336268,0
0,348295,0
0,338072,0
0,40345,0
0,68387,0
0,341962,0
0,268099,0
0,336660,0
0,319995,52761
0,337115,0
80000000,159824,473226958
0,360784,0
0,330206,0
0,289232,0
0,314011,0
0,316347,0
0,58156,0
0,286301,0
0,72898,0
0,201284,0
0,72642,0
0,16013,0
0,200325,0
0,280668,0
0,286256,0
0,26267,0
0,115626,0
0,13968,0
0,36269,0
0,22371,0
0,19294,0
0,51824,0
2,50587,0
0,243884,0
0,127367,0
0,136884,0
0,192137,0
0,356905,0
0,124111,0
0,16854,0
0,79700,0
0,45722,0
0,253112,0
0,49954,0
0,123691,0
0,346401,0
0,207273,0
0,33352,0
0,85207,0
0,204582,0
0,224778,0
0,142982,0
0,91926,0
0,179847,0
0,39793,0
0,33984,0
18000,134474,700000
500000,69407,500000
0,40139,0
0,110433,0
0,84912,0
0,168375,0
950000,24094,0
0,120588,0
0,88012,0
0,87734,0
0,179868,0
0,328930,0
0,28472,0
0,288587,0
0,159215,0
0,86040,0
0,126464,0
0,83834,0
0,88390,0
0,117493,0
0,3145,0
0,46581,0
0,31927,0
0,136146,0
0,157161,0
0,36550,0
0,339530,0
0,108204,0
0,6980,0
7000000,306745,573335
10000000,314385,3727746
0,116377,0
64000000,309809,97571250
0,241573,0
0,295317,0
0,339320,0
913000,292539,0
1500000,301228,0
0,330112,4631
0,362046,0
0,59230,0
0,314402,248392
0,332749,0
0,361931,0
0,85616,0
0,72785,0
0,124980,0
0,88947,0
0,144344,0
0,42093,0
0,42460,0
0,192236,0
0,175924,0
0,326333,0
0,250535,0
0,320028,0
16000000,250230,0
0,111732,0
0,65282,0
0,62091,0
0,35418,0
0,276770,0
0,47211,0
0,318954,1236094
149000000,297762,820580447
0,47934,0
0,252983,0
18000000,302349,0
0,340488,0
18000000,339988,20497844
46000000,68730,23737523
0,352161,20381995
191000,28585,0
0,285689,365522
0,63081,0
0,67337,0
0,46636,0
40000000,296098,165478348
0,353616,0
0,158675,0
0,171759,0
0,71374,0
4000000,336029,0
0,82968,0
0,138752,0
0,316042,0
0,304126,0
0,27152,0
0,194548,0
0,12794,0
0,166733,0
0,307276,0
0,335138,0
0,126934,0
0,23142,0
0,198200,0
0,106546,1100000
1800000,134782,0
0,253533,0
0,84911,0
0,323661,15730665
0,362363,0
0,324807,1982505
0,111718,0
0,88529,0
500000,55011,0
0,99760,930349
0,133560,0
0,338312,0
0,273197,0
0,67977,0
0,295799,0
0,243352,1156000
3000000,51428,0
0,141760,0
0,346079,0
10000000,244316,0
0,277190,0
0,352208,0
0,89774,0
0,43206,0
0,156389,0
0,156388,0
0,289097,0
0,67216,0
0,26301,0
0,357441,0
0,48426,0
13000000,359364,0
0,121869,0
0,310568,0
0,319994,0
0,143769,0
0,336666,0
0,319996,0
0,236873,0
17973,357784,0
0,314388,0
0,223574,0
0,149911,0
0,181104,0
0,75063,0
0,49249,0
0,76115,0
0,32226,0
0,327655,0
0,207270,0
0,353446,0
0,323792,0
2000000,359471,0
0,248633,0
0,258665,0
0,113391,0
0,80105,0
650000,123879,0
0,40922,0
5,141581,0
0,93230,0
0,36737,0
0,30671,0
0,336744,0
0,217185,0
0,85285,0
0,322453,0
0,118876,0
0,4196,0
0,64526,0
0,106944,0
0,58658,0
0,152846,0
0,62947,0
0,225719,0
0,268060,0
0,72485,0
0,49837,0
0,38293,0
0,32105,0
0,359305,0
0,94649,0
0,9643,0
0,170759,0
0,297018,0
0,306947,231737
0,66741,0
0,85566,0
0,4955,0
0,191975,0
0,103750,0
0,151086,0
0,344339,0
0,216822,0
0,156068,0
45000,39882,0
30000,89659,0
0,163447,0
0,194720,0
0,158848,0
0,197754,0
0,267428,0
0,41809,0
2300000,360339,0
0,188560,0
2000000,44250,16344
0,172577,0
0,339350,0
0,315872,0
0,32577,0
0,20430,0
0,73455,0
0,199184,0
0,60193,0
0,105529,0
0,106224,0
0,198661,0
0,68821,0
0,76157,0
0,159474,0
0,198311,0
0,326755,0
0,63071,0
0,65480,0
0,63229,0
0,72279,0
0,59139,0
0,195812,0
0,194485,0
0,65573,0
0,92572,0
0,56287,0
0,61829,0
0,82368,0
0,92586,0
0,76575,0
0,193732,0
0,45005,0
0,2969,0
0,273868,0
0,231304,0
0,36817,0
0,337014,0
0,47158,0
22000000,270487,63647656
0,214717,0
0,32528,0
6000000,14847,0
0,39285,0
0,136294,0
800000,29760,0
0,43713,0
0,45823,0
0,44008,0
2300000,46713,0
0,362185,0
0,192767,0
0,250572,0
0,353595,0
0,328246,0
0,320589,0
0,319073,0
0,184608,0
0,84658,0
0,139646,0
0,119256,0
0,153410,0
747487,214219,0
0,238458,0
0,265760,0
0,84114,0
0,40826,0
0,26015,0
0,41434,0
0,58405,0
0,111460,0
3196621,318917,25513752
0,237303,0
0,79580,0
0,30933,0
0,124088,0
0,47084,0
0,54297,0
0,10094,0
0,70553,0
0,57662,0
0,61656,0
0,58106,0
0,44848,0
0,175005,0
0,20381,0
0,97108,0
0,91001,0
0,125527,0
0,78115,0
0,158939,0
0,363439,0
0,325848,0
0,335724,0
0,334328,0
0,355600,0
0,316761,0
0,257117,0
0,362373,0
0,341886,0
0,291151,0
0,14091,0
0,46565,0
0,84984,0
0,49456,0
0,74657,0
0,122787,0
0,80443,0
0,136572,0
0,107035,0
0,74656,0
0,291866,0
0,38201,0
0,298931,0
0,40692,0
0,216363,0
0,255784,0
0,291336,0
350000,112162,0
0,324293,26632
0,299715,0
0,245855,49667
0,341051,0
0,220200,0
0,90079,0
0,103210,0
0,139637,0
0,211144,0
0,171952,0
0,334536,19980
0,113097,0
0,320343,0
0,143602,0
0,267178,0
0,331576,0
0,359255,0
300000,77821,0
0,203226,0
0,156225,0
0,24567,0
9500000,106845,0
0,360341,0
2600000,48761,0
0,360638,0
5000000,329819,26144
300000,65576,0
0,259985,0
0,32160,0
0,360605,0
0,217775,0
0,108614,0
0,230211,0
0,334394,0
0,248417,0
0,190250,0
0,165181,0
0,268212,0
0,262945,0
0,37679,0
0,27364,0
0,82963,0
0,49697,0
0,227350,0
0,61718,0
0,26781,0
0,38015,0
500,320150,0
0,333287,0
0,300433,0
0,268725,0
0,289712,0
0,285844,0
0,225285,0
0,267467,0
0,291692,0
0,32249,0
0,39111,0
8700000,58959,0
0,38988,0
7000000,286668,0
0,25744,0
0,32213,0
0,32152,0
0,37973,0
0,274626,0
0,50479,0
0,247954,0
0,235704,0
0,128842,0
0,65881,0
0,107976,0
0,18060,0
0,210966,0
0,77504,0
0,32229,0
0,32162,0
0,71620,0
0,32163,0
0,32149,0
0,32157,0
0,36063,0
0,29977,0
0,52418,0
2000000,41980,0
0,230210,0
0,13311,0
6000000,82477,0
0,56578,0
4500000,55765,0
0,120713,0
0,154030,0
0,32932,0
0,141819,0
0,254672,0
0,62977,0
0,101056,0
0,254526,0
0,61062,0
0,25655,0
0,10257,0
0,44245,0
0,233112,0
0,41441,0
0,193717,0
0,239853,0
0,104176,0
0,269340,0
0,32946,0
0,37849,0
0,33338,0
0,31036,0
1680000,44133,0
0,73897,0
0,37850,0
0,32150,0
0,214910,0
0,18816,0
0,280019,0
0,180651,0
0,37196,0
0,244114,0
0,11175,0
2215773,24821,0
0,24822,0
0,14660,0
0,19238,0
0,20458,0
0,281780,0
7000000,153795,0
26000000,15028,38793283
0,36681,0
0,40452,0
0,81460,0
2500000,32173,0
0,28366,0
12000000,129850,117629
0,121491,0
0,31714,0
0,55758,0
0,324017,0
0,25626,0
0,206,0
0,258947,0
0,18638,0
0,253775,0
0,253451,0
0,246205,0
0,136842,0
0,211005,0
0,299400,0
0,335866,0
5000000,12828,0
0,56549,0
0,50458,0
0,75931,0
10000000,124294,0
0,284063,0
0,70131,0
0,16313,0
0,68252,0
0,32272,0
0,81242,0
0,38604,0
515788,26010,0
0,264273,0
0,21792,0
0,77175,0
0,204053,0
2000000,35851,0
0,96664,0
0,5846,0
0,195276,0
0,56790,0
10,86279,0
0,24889,0
0,204553,0
0,45089,0
0,23609,0
0,137409,0
0,352128,0
0,90147,0
0,208429,0
0,194872,0
0,14561,0
0,116227,0
0,72650,0
0,32159,0
0,108972,0
0,58679,0
0,28917,0
0,24037,11095236
0,34777,0
0,50210,0
0,204260,0
0,25124,0
0,132957,0
0,42380,0
0,10265,0
0,117506,0
0,199584,0
0,32164,0
0,72074,0
0,52441,0
0,257568,0
8000000,74639,0
0,262137,0
0,33106,0
0,49095,0
0,40025,0
0,162006,0
8000000,37502,0
0,45303,0
30000000,4912,33013805
0,127849,0
0,45407,0
0,194523,0
0,328869,0
0,250671,0
0,324253,0
58000000,257445,158162788
0,334682,0
0,343843,0
0,340753,0
190000,330127,0
0,329829,0
1000000,320146,0
0,254155,0
0,280612,0
0,40122,0
0,335640,0
0,364153,0
0,157422,0
0,90800,0
0,226354,0
0,329712,106498
0,358912,0
0,264401,0
0,200645,0
0,233639,0
0,3936,0
0,281826,0
0,113377,0
0,19553,0
0,67499,0
0,134812,0
0,128140,0
200000,141520,486937
0,53416,0
0,335392,0
0,21459,0
16000000,263471,0
0,13707,0
0,8415,0
0,2079,0
0,2078,0
0,290762,0
0,339060,0
0,222832,0
0,68335,0
0,47761,0
0,306969,0
1200000,51270,0
0,345323,0
12000000,304372,60273173
15000000,253414,3020664
0,56132,0
0,151069,0
0,44287,0
0,84071,337812
0,35128,0
0,218784,70958
0,354150,0
0,334924,33508
0,102901,0
0,97274,0
0,326058,0
0,262169,0
5000000,89116,0
500000,363805,0
5000000,322850,0
2000000,309919,0
0,305044,0
20000000,346808,133332
0,306964,0
0,361050,0
0,26130,0
0,125232,0
0,345519,0
0,106629,0
0,323370,0
1379375,319993,105097
2500000,51935,0
0,64551,0
0,128848,0
0,149895,0
0,125666,0
0,30015,0
0,61431,0
0,26849,0
0,3578,0
0,223655,0
0,114081,3550000
0,246013,0
0,260886,0
0,45555,0
0,176143,0
0,106826,0
0,149180,0
0,146787,0
0,151732,0
0,332757,0
0,157779,0
0,167874,0
0,362439,0
0,104954,0
0,29257,0
0,18447,0
2000000,321303,0
0,144580,0
0,87022,0
0,99708,0
0,109894,30655
0,50086,0
0,21954,0
0,41311,0
0,40933,0
0,59333,0
0,191562,0
0,146933,0
0,221800,0
0,72664,0
0,28416,0
0,292035,0
0,172396,0
0,76040,0
0,160106,0
0,798,0
0,356161,0
0,336811,0
0,62616,3214998
0,364781,0
0,146404,0
0,258656,0
0,284841,0
1800000,294963,0
10000000,146301,78096553
1,363413,0
0,70530,0
110000,70656,0
0,228221,0
3910000,1899,0
0,218296,0
0,28068,0
0,28072,0
0,77642,0
0,28071,0
0,131815,0
0,64624,0
12796917,339669,0
0,289820,0
0,339312,0
5000000,266639,2333684
25000000,293646,24902723
0,314400,0
0,334991,0
0,253273,0
0,48615,0
0,284343,0
0,35724,0
0,93178,0
0,84094,0
1150000,84942,0
0,56623,0
0,264978,0
0,216539,0
0,184219,0
0,257253,0
7000000,356296,0
0,355178,0
0,325302,0
0,46526,0
0,49216,0
0,59095,10000000
0,329020,0
0,292014,0
0,285387,0
0,339362,0
15000000,2734,0
0,51083,0
0,301846,0
0,361380,0
0,74474,0
0,58207,0
0,32286,0
0,288129,0
0,273896,0
0,32329,0
0,44296,0
0,75886,0
0,67810,264
0,337473,0
0,53689,0
0,314462,0
0,77241,0
0,52183,0
0,239534,0
0,236317,0
0,171160,0
2240000,254172,0
0,347754,0
0,55249,0
0,47354,0
11930000,298382,18340000
0,80660,0
0,22672,0
1500000,13721,0
0,28314,0
0,32428,0
27878,109298,0
0,132714,0
0,67790,0
0,81338,0
16855,80928,0
15887,106112,0
0,134360,0
0,109329,0
33500,58160,0
0,66997,0
0,66819,0
0,67661,0
0,67113,0
25771,67626,0
0,67162,0
27715,109323,0
31386,54509,0
0,101806,0
0,161836,0
0,20432,0
0,120615,0
0,34942,0
0,44224,0
0,36153,0
0,92804,0
0,69058,0
4700000,115738,0
0,271665,0
1800000,98557,0
0,129175,0
0,92819,0
0,118427,0
0,87148,0
3500000,49347,0
0,291343,0
0,41656,0
0,296025,0
0,53310,0
0,45147,7683267
0,62762,0
0,44135,0
0,287636,0
0,117435,0
0,5881,0
0,55240,0
0,4893,0
0,291540,0
0,228294,0
0,111398,0
0,31686,0
0,30879,0
0,81772,0
0,314443,0
0,298653,0
0,135659,0
0,71147,0
0,254201,0
0,365491,0
0,113329,0
0,28061,0
0,88266,0
0,5484,0
0,262871,0
0,66087,0
0,129627,0
0,117567,0
0,113782,0
15000000,294016,8235661
0,324178,0
0,121329,0
0,96368,0
0,129847,0
0,129851,0
0,156988,0
0,156995,0
0,146970,0
0,157724,0
0,179178,0
0,115042,606694
0,231001,0
0,341201,0
0,140648,0
0,57578,0
0,77860,0
0,26040,0
0,56195,0
0,34729,0
0,44899,0
0,51485,0
0,18017,671
0,353148,0
0,277541,0
0,238781,0
0,247720,0
0,20323,0
0,60278,0
0,352157,497323
0,111170,0
0,17038,0
2500000,44037,0
0,135309,0
0,79506,0
0,107081,0
0,81654,0
0,40141,0
0,30552,0
0,30872,0
0,40461,0
0,47453,0
0,40145,0
0,28848,0
0,27703,0
0,42326,0
0,28847,0
0,287493,0
0,273096,0
0,217085,0
0,293476,0
0,31973,0
0,339077,0
0,280957,0
0,157174,0
0,76833,0
0,133941,0
0,4419,0
0,135385,0
0,296491,0
0,70864,0
0,44444,0
0,74836,0
0,241070,0
0,74944,0
0,74945,0
0,335872,0
0,366045,0
0,253257,0
0,81644,0
0,56663,0
0,268788,0
0,222581,0
0,318914,0
58000,113255,0
0,36880,0
62500,139945,0
0,97632,1000000
0,258075,0
0,310126,0
0,37055,0
0,107596,0
0,79329,0
12000000,335462,80000000
0,342786,0
0,110261,0
0,45233,0
0,83223,0
0,86251,0
0,66664,0
0,84060,0
0,105989,0
0,35953,0
0,105866,0
0,124393,0
0,158598,0
0,40084,0
35000000,321741,50363790
1300000,321039,0
0,148451,0
0,267389,0
0,37216,0
0,139609,0
0,198820,0
0,79921,0
0,85442,0
0,213556,0
0,353345,0
0,114184,0
0,68756,0
27000000,271331,0
0,315256,0
0,64931,0
0,18492,0
0,27875,0
0,125148,0
99000000,227973,246233113
0,278393,0
0,134477,0
0,53368,0
0,297023,0
0,64015,0
0,363157,0
0,36693,0
0,20863,0
115000,120478,0
0,8556,0
0,224815,0
0,118576,0
0,118580,0
0,56332,0
0,236368,0
0,21753,0
0,33446,0
0,39016,0
0,320061,0
0,37615,0
0,27939,0
0,27940,0
0,87897,0
0,208783,0
0,211928,0
0,64042,0
5000000,41955,340312
0,38362,0
0,68192,0
0,263823,0
0,139579,0
0,56007,0
0,279543,0
0,65107,0
8000000,33627,0
0,65264,0
0,45227,0
0,84254,0
0,42651,0
0,48676,0
0,94696,0
0,65089,0
0,27925,0
0,65123,0
0,100888,0
0,262806,0
18000000,62871,0
0,63536,0
0,41979,0
40000,31647,0
0,72574,0
0,72066,0
0,322039,0
0,315226,0
0,355636,0
0,347331,0
0,304274,0
0,313653,0
0,289781,0
390000,237214,3
0,191112,0
0,254725,0
0,304134,0
0,252431,0
0,100783,0
380000,114564,520000
0,224714,0
0,337456,0
0,77745,0
0,306391,0
0,306406,0
0,30065,0
0,310458,0
0,312597,0
0,306411,0
0,227600,0
0,302472,0
0,302435,0
0,20622,0
0,166874,0
0,21466,0
0,304701,0
0,159365,0
0,303966,0
0,44059,0
0,241174,0
0,60730,0
0,366120,0
0,353813,0
0,84693,0
14000,25499,0
0,21462,0
0,62803,0
0,54256,0
0,122895,0
0,188719,0
0,96112,0
0,96159,0
0,252073,0
0,170845,0
0,228650,0
0,41903,0
0,61271,0
0,54656,0
0,98122,0
0,27624,0
0,153170,0
0,301671,0
0,107745,0
0,55627,0
0,230437,0
0,118809,0
0,33202,0
0,161402,0
0,45002,0
0,96147,0
0,54814,0
0,81551,0
0,32295,0
0,161442,0
0,56598,0
0,266764,0
0,325690,0
0,42436,0
0,127017,0
0,225403,0
0,78329,0
0,72111,0
0,288171,0
0,333091,0
0,221444,0
0,143881,0
0,143980,0
0,318562,0
0,159657,0
0,46375,0
0,232728,0
0,305899,0
0,97449,0
0,325555,0
0,21566,0
0,141613,0
0,66292,0
0,118632,0
0,134446,0
1300000,13986,11000000
0,361992,0
0,161238,0
0,21906,0
0,54969,0
0,165016,0
0,46373,0
0,103048,0
0,45533,0
0,54959,0
0,74405,0
0,366742,0
0,324986,0
0,366551,0
0,124217,0
2023012,314371,0
0,215711,0
0,288301,0
0,84994,0
0,88950,0
4000,35652,0
0,284682,0
0,65592,0
0,312831,0
0,315465,490643
0,90992,0
0,355389,0
0,50535,0
0,250638,0
0,75133,0
0,43409,0
0,67467,0
5000000,51129,0
0,169090,0
0,228198,0
0,299851,0
1000000,367006,0
0,277435,0
0,365188,0
0,355436,0
0,121652,0
0,347548,0
0,179805,0
0,150161,0
0,169089,0
0,20929,0
0,62883,0
0,161227,0
0,165066,0
0,142412,0
0,305337,0
0,227832,0
0,161226,0
0,39347,0
0,319920,0
0,117345,0
0,211275,0
0,363105,0
0,35064,0
0,304755,0
0,81782,0
0,159666,0
0,166231,0
0,165573,0
1000000,56666,623791
0,232496,0
0,157800,0
0,41381,0
0,271484,0
0,232711,0
0,348762,0
0,325140,0
0,276846,0
0,75134,0
0,267831,0
0,199571,0
0,297603,0
750000,294741,0
0,53554,0
0,262113,0
0,88126,0
2742651,89604,0
0,17875,0
0,362077,0
0,171174,0
0,365340,0
0,44282,0
0,339342,0
0,359070,0
0,366763,0
0,86413,0
0,85262,0
0,66013,0
0,174278,0
0,298844,0
0,343878,0
0,85610,0
0,150218,0
0,92673,0
0,31396,0
0,199989,0
0,336033,0
0,254005,0
0,117999,0
8000000,115871,0
0,348929,0
0,270696,0
0,27766,0
0,321224,0
167,58227,0
0,247780,0
0,127987,0
0,55325,0
0,84249,0
0,344043,0
0,74437,0
0,3012,0
0,3565,0
0,206018,0
0,355594,0
0,89183,0
0,128368,0
0,116789,0
0,26651,0
0,107393,0
0,25354,0
0,306952,0
0,347258,0
0,50189,0
0,60810,0
0,280182,0
0,63825,0
0,80277,0
0,282762,0
0,125619,0
0,280755,0
0,300654,0
0,127471,0
0,15089,0
0,337549,0
0,364137,0
37000000,312221,173567581
20,62796,15
0,91417,0
0,50010,0
0,60695,0
0,4728,0
0,11913,0
0,4727,0
0,10516,0
0,70044,0
0,130515,0
0,86252,0
0,324325,0
0,367326,0
0,339527,22586863
0,42693,0
0,317260,0
0,70448,0
0,82941,0
0,53807,0
0,235044,0
0,58720,0
0,14558,0
0,39317,0
0,74922,0
2100000,251584,0
0,167424,0
0,133521,0
1635794,61580,0
0,278867,0
0,27560,0
0,81274,0
2000000,50652,0
4000000,170752,0
25000,360203,25000
1600000,270766,0
0,75140,0
0,328739,0
0,57991,0
0,293395,0
0,329868,0
0,104945,0
0,198531,0
0,56978,0
0,57310,0
0,57914,0
0,45990,0
0,60018,0
0,64948,0
0,60191,0
0,59857,0
0,64032,0
0,78812,0
0,121464,0
0,8430,0
0,61217,0
0,75532,0
0,155956,0
0,42579,0
0,56922,0
0,293264,0
11000000,157827,161789
0,271983,0
0,70449,0
0,36324,0
0,293189,0
0,19548,0
0,134881,0
0,61208,0
8900000,336004,4100000
0,368256,0
0,246133,0
0,211166,0
0,343426,0
0,51285,0
0,75142,0
0,291006,0
0,276536,0
0,200823,0
0,327383,0
0,287426,0
0,23857,0
0,332502,0
0,266058,0
0,40635,0
0,73132,0
0,122368,0
0,329206,0
0,250029,0
0,198511,0
0,59959,0
0,11530,0
0,207402,0
0,49907,0
0,67177,0
0,107812,0
0,198474,0
0,183964,0
0,24195,0
0,71995,0
0,274131,0
0,62034,0
0,220565,0
0,217648,0
0,63074,0
0,60175,0
0,24260,0
0,53179,0
0,58833,0
0,52557,0
0,271388,0
0,266563,0
0,93863,0
0,33126,0
0,130719,0
0,39850,0
300000,79212,0
0,332534,0
0,27721,0
0,193544,0
0,297308,0
0,117340,0
0,277153,0
0,33624,0
17000000,333348,42426912
23400000,362136,67000000
0,15768,0
0,73492,0
0,84844,0
0,318972,0
0,232739,0
0,92326,0
0,297466,0
0,330007,0
0,134155,0
4500000,84106,0
0,70815,0
0,65830,0
0,84368,0
0,237672,0
0,60392,0
0,75143,0
0,257200,0
0,214099,0
0,66175,0
0,69592,0
0,85648,0
0,131898,0
0,101030,0
0,85346,0
0,36516,0
0,244636,0
0,111975,0
0,145147,0
0,259838,0
0,253339,0
0,184080,0
0,257116,0
0,319964,0
0,280674,0
0,145203,0
0,189755,0
0,347264,0
0,137587,0
0,337751,0
0,293603,0
0,261810,0
0,329724,0
0,4228,0
0,59349,0
0,76793,0
0,50213,0
0,71767,0
0,301270,0
0,19100,0
0,31743,0
0,118758,0
0,156627,0
0,92562,0
0,285848,0
0,273126,0
0,79853,0
0,207720,0
0,164041,0
0,20879,0
0,20975,0
0,10939,0
0,63291,0
0,65656,0
0,65110,0
1600000,42952,0
0,64046,0
0,64044,0
0,84774,0
0,65099,0
0,140966,0
0,44617,0
0,80746,0
0,364684,0
0,37015,0
0,207696,0
0,63537,0
0,72888,0
0,63304,0
0,63538,0
0,59475,0
0,65591,0
0,20977,0
0,65594,0
0,41977,0
0,59803,0
0,238307,0
0,189215,0
0,254311,0
0,254309,0
0,202239,0
4520000,193154,0
3000000,253192,5279982
0,169020,0
0,210365,0
0,19493,0
0,70874,0
0,50197,0
0,174905,0
0,167364,0
0,119694,0
0,83456,17808683
0,132542,0
0,127608,0
0,82857,0
0,38430,0
0,203720,0
0,199655,0
0,68271,0
0,130492,0
0,270393,0
0,40055,0
0,21534,0
0,71662,0
0,65545,0
0,92737,0
7000000,62040,0
0,59455,0
0,263873,0
0,80386,0
0,77720,0
0,83614,0
0,74852,0
0,126846,0
0,72093,0
0,72095,0
0,60199,0
0,116544,0
0,227998,0
750000,363890,0
0,16915,0
0,252189,0
1500000,30579,0
0,40469,0
0,19543,0
18000,212494,0
0,48333,0
10,63350,0
0,296121,0
0,320412,0
0,84422,0
0,67087,0
0,92393,0
0,242376,0
0,12759,0
0,353462,0
0,317182,0
0,315623,0
0,315620,0
0,282963,0
0,317190,0
0,335209,0
0,282758,0
0,92787,0
0,55681,0
40000,30385,0
0,22573,0
0,320169,0
0,54525,0
0,358881,0
0,191185,0
0,72232,0
0,367882,0
0,227262,0
0,321751,1702433
0,79434,0
0,18512,0
0,43456,0
0,43503,0
0,265351,0
0,333886,0
0,268413,0
0,64433,0
20000,30634,0
0,49828,0
0,320349,0
0,352327,0
0,172520,0
0,224923,0
0,337012,0
0,28536,0
0,219335,0
0,133137,0
0,92727,0
0,119944,0
0,300666,0
0,41923,0
0,85204,0
2250000,282298,0
0,27350,0
0,30361,0
0,145081,0
0,293830,0
0,76287,0
0,213914,0
3383700,46734,0
2500000,44951,0
0,79722,0
0,268092,0
0,13732,0
0,105539,0
0,336806,0
0,28546,0
0,335869,0
0,51403,0
0,369230,0
0,257593,0
0,324259,0
0,188981,0
0,44785,0
0,111397,0
0,85239,0
0,51411,0
0,63441,0
0,48300,0
0,70747,0
0,102428,0
0,217919,0
350000,96951,0
0,59405,0
0,72560,0
0,128780,0
0,66160,0
0,62071,0
0,189279,0
0,79367,0
0,48943,0
0,318373,0
0,177317,0
7000000,334527,0
0,60836,0
0,161620,0
0,166207,0
0,356898,0
6700000,293982,0
0,346755,0
0,309018,0
0,343880,0
0,108794,0
0,65020,0
0,336222,0
0,329066,0
0,56718,0
0,295602,0
0,86211,0
0,172443,0
0,219466,0
0,306060,0
0,215881,0
5000000,39446,0
0,38119,0
0,65799,0
0,293456,0
0,294640,0
0,324573,0
0,364089,0
0,157050,0
3000000,363810,0
0,52255,0
0,353285,0
0,237960,0
0,323679,0
105000000,257088,133718711
0,119482,0
0,68865,0
0,3013,0
0,27112,0
0,32665,0
500000,31060,5330000
0,31061,0
0,32926,0
0,257343,149521495
0,78401,0
0,255533,0
0,23126,0
0,348060,0
0,210293,0
0,310491,0
0,114377,0
0,143169,0
0,291290,0
0,306464,0
0,352197,0
0,174611,0
0,63880,0
0,104515,0
0,34792,0
0,339274,0
0,191850,0
0,94251,0
0,76084,0
0,232034,0
0,43524,0
0,31770,0
0,42298,0
0,24647,0
0,336691,0
1500000,368330,4400000
0,80775,0
0,72903,0
0,36520,0
0,333696,0
0,77861,0
0,84520,0
0,355020,0
0,205749,0
0,159897,0
0,96882,0
0,32571,0
0,33315,0
0,194079,0
0,16464,0
0,33316,0
0,315946,0
0,105885,0
0,353464,0
0,70690,0
0,68797,0
0,104852,0
0,249914,0
224056,284288,15536328
0,184002,0
0,123623,0
0,14074,0
0,64508,0
0,100468,0
0,29539,0
0,49722,0
0,42809,0
6200000,341895,11000000
0,48845,0
0,345575,0
0,103947,0
50000,79825,0
0,292177,0
0,349158,0
0,171277,0
0,369165,0
0,105098,0
0,158079,0
0,203888,0
0,112503,0
0,98085,0
0,79426,0
0,78546,0
0,29607,0
100000,130754,0
0,336884,0
0,339751,0
0,295748,0
0,34666,0
38000000,299687,109906372
0,16047,0
0,51210,0
0,129577,0
0,90092,0
0,93708,39598448
0,39979,0
0,68863,0
0,130322,0
0,24971,0
0,64739,0
0,69152,0
0,42764,0
0,73740,0
0,22359,0
0,143936,0
0,213755,0
0,364067,0
0,312100,0
0,73901,0
0,321666,0
5290000,307103,0
0,326874,0
0,103012,0
0,255869,0
0,56255,0
0,354625,0
0,75393,0
0,293082,0
0,341744,9027600
0,17007,0
0,26571,0
0,353311,0
0,134743,0
0,317953,0
0,43783,0
0,36361,28460702
0,184440,0
0,128899,0
0,202727,0
0,36789,0
0,111570,0
0,298026,0
0,214758,0
0,161076,0
0,16422,0
0,272255,0
3800000,285908,559298
0,254918,0
0,358980,0
0,13591,0
0,345637,0
5904067,336882,12975143
3000000,333555,0
0,315868,0
0,256546,0
0,105085,0
0,279179,0
0,61535,0
0,256375,0
0,79435,0
0,334028,0
0,152539,0
0,58384,0
0,68437,0
2000000,325039,0
0,16079,0
0,258147,0
0,297859,0
0,289174,0
0,215740,0
0,24563,0
2000000,361042,0
2500000,32206,0
0,172721,0
0,149722,0
0,353257,0
0,302666,0
0,246594,0
0,340275,0
0,197599,0
3000000,10124,0
0,221801,0
0,348150,0
0,71744,0
0,216983,0
0,331836,0
0,291868,0
0,4540,0
0,53385,0
0,30982,0
0,370524,0
500000,15701,0
0,45438,0
0,42649,0
0,196253,0
0,327016,0
0,33318,0
0,277069,0
0,23150,0
0,23151,0
0,23153,0
0,23166,0
0,23167,0
0,366548,0
10000000,351694,150000000
0,260928,0
9600000,300693,2541554
1,218275,1
0,15706,0
0,301816,0
0,338438,0
0,107100,0
0,81409,0
0,74082,0
0,106155,0
0,96460,0
0,324194,0
0,295389,0
0,103122,0
0,29395,0
400000,323656,0
1300000,285959,1550000
0,33923,0
0,44001,0
0,27034,0
0,49502,0
0,320853,0
0,136793,0
0,354072,0
0,339562,0
0,78570,0
28000000,318846,133346506
0,321621,0
0,9048,0
0,333088,0
0,340816,0
0,85304,0
0,342831,0
0,25041,0
0,333968,0
0,17223,0
0,72246,0
0,248706,0
60000000,347969,0
0,166178,0
1050255,338930,2250547
0,332827,0
598500,120149,0
0,68982,0
0,347497,0
0,367735,0
0,247777,0
0,246355,0
0,299579,0
0,371818,0
0,185744,0
0,48009,0
0,367551,0
0,324291,0
0,137366,0
0,264397,0
0,143546,0
0,107235,0
0,160564,0
0,332179,0
768,363683,0
0,339145,0
0,312452,0
0,105157,0
0,297789,0
0,237584,0
0,299511,0
0,195867,0
0,203066,0
0,179375,0
0,84186,0
0,291146,0
0,56685,0
0,207936,135026
0,267094,0
0,156135,0
97,78101,0
0,163706,0
0,73954,0
0,182843,0
0,162056,0
0,93064,0
0,150958,0
0,27009,0
0,30922,0
0,25568,0
0,6884,0
0,22162,0
0,46431,0
0,98456,0
0,31377,0
0,26736,0
0,172760,0
0,23205,0
0,242093,0
0,186121,0
0,19446,0
0,116733,0
0,258435,0
0,214215,0
0,129455,0
0,44142,0
0,220916,0
0,279570,0
150,122326,0
100000,262165,0
0,47680,0
0,100215,0
3000000,31525,6000000
0,299145,0
0,225283,0
0,160128,0
0,82743,0
0,111662,0
0,77910,0
0,98525,0
0,270926,0
0,59426,0
0,62684,0
0,76808,0
0,31557,0
0,30059,0
0,256314,0
0,334376,101203
0,285020,0
0,64655,0
0,371507,467363
600000,138735,0
0,71482,0
0,326425,16775
0,180929,0
0,105153,0
0,299165,495861
0,303867,0
0,103502,0
0,28138,0
50000000,329833,55969000
0,24712,0
0,24713,0
0,267048,0
0,368239,0
1000000,68419,0
0,250096,0
0,195752,0
0,79236,0
0,179308,0
0,142635,0
0,245739,0
0,331351,0
0,283596,0
0,193309,0
2000000,17306,0
0,338614,0
0,359983,0
0,135799,0
0,57440,0
0,32517,0
0,47647,0
0,150677,0
0,139238,0
0,270646,0
0,157239,0
0,52776,0
0,29960,0
0,357681,0
38000000,259694,112343513
0,105952,0
0,361025,0
0,271433,0
0,348689,0
0,302797,0
0,347944,0
2000000,1877,0
0,291537,0
0,372631,0
0,201223,0
0,319152,0
0,26702,0
0,359746,0
0,323149,0
0,253286,0
4000000,185497,0
0,341045,0
0,89645,0
0,279690,0
0,249567,0
0,178314,0
0,74057,0
0,47240,0
0,104194,0
0,104171,0
0,87953,0
0,159862,0
0,66759,0
0,75808,0
0,79781,0
0,9287,0
10000000,34421,14061361
0,108228,0
0,323968,0
1000000,120172,0
0,177112,0
0,36748,0
0,229056,0
0,42195,0
1500000,284460,0
4200000,168112,0
0,126947,0
0,67927,0
0,30452,0
0,356482,0
0,360551,0
0,359460,0
0,69985,0
0,268854,0
0,312993,0
0,52116,0
0,80041,0
0,13755,0
0,140733,0
0,346472,0
0,30644,0
0,131897,0
0,282069,0
0,282070,0
0,373541,0
0,252028,0
0,299585,0
0,36771,0
0,55254,0
0,62900,0
0,55776,0
0,62898,0
0,62896,0
0,62897,0
0,62894,0
0,145912,0
0,36772,0
0,55558,0
0,36767,0
0,36766,0
0,36765,0
0,322270,0
0,40836,0
20000000,351819,21164799
0,58074,0
0,56975,0
0,56068,0
0,66177,0
0,94641,0
0,53834,0
0,44099,0
0,84085,0
0,177790,0
0,373481,0
0,143437,0
0,26028,0
0,26360,0
0,139230,0
300000,140595,0
0,22305,0
0,273085,0
0,63011,0
0,63160,0
0,20363,0
0,83728,0
0,55534,0
0,125464,0
0,358532,0
22500000,340666,29252978
0,339339,0
0,339888,0
0,359204,0
5000000,149232,0
0,237710,0
0,345139,0
0,356483,0
0,356486,0
50000000,274167,242786137
30000000,266294,105011053
0,169382,0
0,46914,0
0,310972,0
0,363486,0
0,348634,0
0,363484,0
0,363482,0
0,328848,0
2000000,343284,0
0,361751,0
0,362886,0
0,360604,0
0,363476,0
0,363478,0
0,363479,0
0,363480,0
0,363483,0
0,360603,0
0,366630,0
0,366631,0
0,366018,0
0,79720,0
0,336681,0
145000000,140300,521170825
0,16308,0
0,16157,0
0,154738,0
0,45528,0
0,21442,0
0,319089,0
0,62691,0
0,79280,0
1000000,281524,0
0,72443,0
0,58550,0
0,95164,0
0,160297,0
0,58551,0
0,72592,0
0,64882,0
0,61888,0
0,142499,0
0,63465,0
0,85377,0
0,41835,0
0,100923,0
0,138853,9833553
0,38000,0
0,45079,0
0,72505,0
0,286007,0
0,56232,0
0,67560,0
0,108646,0
2556455,64228,0
0,41198,0
0,80618,0
0,114661,0
19000000,32695,0
0,313676,0
0,38011,0
0,116488,0
0,314283,0
0,26381,0
0,206155,0
5532496,49704,0
0,47331,0
0,159230,1261947
0,138665,0
0,171587,0
0,189151,0
0,169068,0
0,92499,0
0,232420,0
0,212640,0
0,311093,0
0,13739,0
0,260583,0
0,343702,0
0,31127,0
0,40800,0
0,62768,0
0,70702,0
0,372981,0
0,320587,0
0,106222,0
0,200998,0
0,73526,0
0,26537,0
0,242551,0
0,128070,0
0,323929,140779
0,45166,0
0,60481,0
0,229005,0
0,82036,0
0,43788,0
0,43823,0
0,102051,0
0,364833,0
0,50542,0
0,24426,0
0,40246,0
0,141976,0
0,299578,0
0,239180,0
0,352209,0
0,350849,0
0,141476,0
0,373976,0
8000000,344041,0
0,220488,0
0,291348,0
0,335205,0
5000000,76354,0
1000000,37715,0
0,70712,0
0,161482,0
19500000,362045,56000000
0,278706,0
0,96985,0
8000000,256687,0
0,350845,0
0,191731,0
0,43020,0
0,127642,0
0,315319,0
0,298722,0
0,370835,0
0,61464,0
0,60116,0
0,278122,0
0,299143,0
0,113936,0
0,166888,0
0,339934,0
0,60895,0
0,316179,0
0,217250,0
0,373977,0
0,254736,0
0,91067,0
0,128230,0
0,347201,0
0,66772,0
0,253258,0
0,326415,0
0,89751,0
0,26550,0
0,20360,0
0,373357,0
0,342927,0
0,68507,0
0,272426,0
0,357940,0
0,41032,0
0,292523,0
0,28997,0
0,73976,0
0,37817,0
0,82745,0
0,85389,0
0,73919,0
0,69846,0
0,55138,0
0,300601,0
0,100274,0
0,372821,0
0,145711,0
0,107257,0
0,267319,0
0,317442,0
0,98440,0
0,98438,0
0,98439,0
0,261157,0
0,79708,0
0,114018,0
0,267955,0
4600000,352200,0
0,366566,0
0,337075,0
0,309811,0
0,281291,0
0,362154,0
3200000,16632,0
0,20969,0
6000000,16147,0
0,214129,0
0,140054,0
0,129745,0
0,252981,0
0,63064,0
0,81560,0
0,41186,0
0,279998,0
0,36185,0
0,9375,0
0,36164,0
0,53514,0
0,40119,0
0,292264,0
0,118451,0
0,54225,2484095
0,40121,0
0,119273,0
0,39493,0
0,99188,0
0,252067,0
0,52870,0
3849796,201386,7471304
0,110713,0
0,341517,0
0,282879,0
0,315534,0
1,339944,0
2000000,40241,0
28000000,58431,16374328
0,31078,0
0,58887,38261
3000000,172767,0
0,89145,0
0,249260,
/zaSf5OG7V8X8gqFvly88zDdRm46.jpg,2014-01-01,
0,151911,0
0,163890,0
0,95134,0
0,99729,0
0,181426,0
0,44459,0
0,153717,0
0,289673,0
0,337208,0
0,262234,0
0,302026,0
0,182035,0
0,102288,0
0,121197,0
0,272095,0
0,211354,0
0,49172,0
0,83880,0
0,38920,0
0,26199,0
0,175822,0
0,21167,0
0,66068,0
0,84479,0
0,20226,0
0,132561,0
0,44751,0
0,68360,0
0,68444,0
0,276608,0
0,12135,0
0,76202,0
0,61935,3082901
0,17486,0
0,69740,0
0,123005,0
0,47587,0
0,42748,0
0,60775,0
0,22034,0
0,150041,0
0,66066,0
0,263582,0
0,80469,0
0,56950,0
0,299856,0
0,20388,0
0,24524,0
0,17902,0
0,53103,0
0,80153,0
0,210320,0
0,209414,0
0,139270,0
0,10509,0
0,52738,0
0,22454,0
0,141145,0
0,73628,0
0,86482,0
0,164366,0
0,94630,0
0,280437,0
0,287344,0
0,374698,0
0,218238,0
0,73222,0
0,142085,0
0,75578,0
0,52260,0
0,15994,0
0,36712,0
0,182545,0
0,35639,0
900000,63044,0
0,74436,0
5400000,255647,0
0,54832,0
0,111480,0
0,44478,0
0,215908,0
0,122619,0
0,48848,0
50000,27548,0
1500000,211220,0
0,324930,0
10000000,374416,0
0,65777,0
0,39288,0
0,4459,0
0,80082,0
0,152393,0
0,110457,0
0,178189,0
50000,325712,0
0,317198,0
0,84105,0
0,286987,0
0,271954,0
0,54330,0
0,129119,0
0,328480,0
0,284250,0
0,82655,0
0,325134,0
0,159109,0
0,354216,0
0,376358,0
25000000,174751,1397284
0,45098,0
0,57718,0
0,132873,0
0,333360,0
26000000,370665,61000000
12000000,333596,14394097
2000000,331190,2801508
2000000,299553,0
0,360055,0
0,336313,157768
200000,296244,0
0,256959,0
0,127363,0
0,28859,0
0,168379,0
10000000,329440,40055439
0,41518,0
0,277934,0
0,141901,0
0,94555,0
0,46494,0
0,50669,0
0,242354,0
4000000,39436,0
0,277968,0
5000000,127894,0
4500000,37460,4200000
3250000,26379,0
0,27621,0
6700000,102632,31000000
0,279973,0
0,210408,0
0,291157,0
5200000,275269,9200000
0,283589,0
0,258100,0
0,30117,0
0,86068,0
0,313628,0
0,138038,0
0,43856,0
0,118026,0
0,284050,0
0,105991,0
0,287497,0
0,320420,0
0,77194,0
0,77855,0
0,48661,0
0,204755,0
0,16075,0
0,74842,0
0,122198,0
0,173928,0
0,24154,0
0,59297,0
0,254277,0
0,321191,0
0,349176,0
0,374883,0
0,350554,0
0,325173,0
0,118236,0
0,124122,0
0,49719,0
0,198667,0
0,197053,0
0,113700,0
0,83119,0
0,16912,0
0,225834,0
0,86942,0
0,74884,0
0,60181,0
0,143355,0
0,29982,0
0,360626,0
0,215408,0
0,362703,0
0,289190,0
0,54657,0
0,347767,0
0,57393,0
0,67339,0
0,253353,0
0,32643,0
0,31237,0
3000000,342502,0
0,55949,0
0,222932,0
0,103851,0
0,243442,0
0,196398,0
0,267310,0
0,256735,0
0,5953,0
0,266249,0
0,354105,0
0,258384,0
0,259325,0
0,61046,0
0,159849,0
0,193321,0
0,371759,0
0,288463,0
1000000,115547,0
0,333675,0
0,272548,0
0,140229,0
0,361671,0
0,245697,0
0,294825,0
0,61662,0
0,31343,0
0,150049,0
0,13713,0
0,347155,0
0,38883,0
0,322317,0
0,236570,0
0,84782,0
0,277631,0
0,329407,0
0,135307,0
0,212753,0
0,358238,0
0,376823,0
0,303665,0
0,104041,0
0,86232,0
0,139712,0
0,106739,0
0,372113,0
0,150054,0
0,321974,0
0,80970,0
0,253150,0
0,137333,0
0,371492,43471
0,340401,0
0,273167,0
0,71445,0
0,293006,0
0,377206,0
0,249926,0
0,72054,0
0,86987,0
1000000,89877,0
0,270724,106640000
0,286687,0
0,76764,0
0,151687,0
0,279006,0
0,284467,0
0,180813,0
0,356994,0
0,198890,0
10000000,315880,0
0,340176,0
0,361854,0
32213,173056,0
0,23382,0
0,286697,0
0,85696,0
0,92189,0
0,220075,0
0,53766,0
0,130275,0
0,124527,0
0,155336,0
0,85611,0
0,3025,0
0,76817,0
700000,187442,0
0,345875,0
0,279997,0
0,85032,0
0,313985,0
5500000,68184,0
0,40768,0
0,253304,0
0,79997,0
0,50526,0
0,77600,0
0,79516,0
0,360627,0
0,36620,0
0,26314,0
0,176535,0
0,74921,0
0,153266,0
0,78326,0
0,58553,0
0,36626,0
0,31855,0
0,13274,0
0,16907,0
0,209385,0
0,36377,0
0,144942,0
0,176037,0
0,329550,0
0,38941,0
0,282768,0
0,90909,0
0,93862,0
0,152388,0
0,85434,0
0,169009,0
0,285011,0
0,110372,0
0,48431,0
0,108246,0
0,133255,0
0,63654,0
0,71918,0
0,106495,0
250000,54242,8000000
0,190183,0
0,165462,0
0,156981,0
0,193439,0
0,257907,0
0,267483,0
0,284514,0
4000000,351145,0
0,38057,0
0,113843,0
0,218221,0
0,339790,0
0,126423,0
0,322400,0
0,153444,0
0,184819,0
0,84248,0
0,42690,0
0,115162,0
0,5067,0
0,84035,0
0,76777,0
0,76775,0
0,76772,0
0,147360,0
0,4709,0
0,68754,0
0,43462,0
0,46184,0
0,116712,0
0,64418,0
0,92254,0
0,169479,0
0,105549,0
0,47612,0
0,92413,0
0,214600,0
0,348678,3371692
0,238985,0
0,55873,0
0,163312,0
0,352024,0
0,67018,0
0,24041,0
0,134409,0
0,334878,0
0,173080,0
0,46695,0
80000,84951,0
0,57845,0
0,79500,0
0,47360,0
0,47363,0
0,28920,0
0,359807,0
0,56589,0
0,259835,0
0,373355,0
0,373451,0
0,326094,0
18000000,276905,17062499
40000000,323675,124827316
0,312669,3351735
0,377565,0
0,53301,0
0,47367,0
0,59264,0
0,27069,0
3500000,366924,0
0,27748,0
0,256102,0
0,85268,0
0,320005,80551
0,211845,0
0,136716,0
0,204269,0
400,79911,0
0,309968,0
0,276898,0
0,217587,0
10000000,158431,0
0,46442,0
0,53290,0
0,187633,0
0,211139,0
0,95838,0
0,274817,0
0,3692,0
0,73477,0
0,112570,0
0,56083,0
0,43036,0
0,67083,0
0,87943,0
0,162505,0
0,63318,0
0,85729,0
0,255396,0
23000000,319888,46152411
4500000,375290,32000000
0,376047,0
0,145373,0
0,145379,0
0,74197,0
0,149691,0
0,150708,0
0,222619,0
0,26703,0
0,264036,0
0,104081,0
0,64462,0
0,65795,0
0,161024,0
0,35411,0
0,109690,0
0,222030,0
0,42107,0
0,331962,1787926
0,27428,0
0,273973,0
0,301729,0
0,224885,0
201164,165718,0
0,329805,282000
0,83617,0
0,276883,0
0,320181,0
0,283710,0
0,29351,0
0,255575,0
0,127468,0
0,291154,0
0,261815,0
0,44554,0
13500000,273899,187674
0,337029,0
0,345235,0
0,336807,0
0,70412,0
0,38268,0
0,35021,0
0,301744,0
1200000,97666,0
0,220029,0
0,157293,222000
0,187737,0
0,220176,0
0,377136,0
0,156220,0
0,67198,0
0,333387,0
0,362057,0
0,353378,0
0,300792,0
0,348069,0
0,40700,0
0,323435,0
0,360030,0
0,378092,0
0,378263,0
0,291851,0
0,50938,0
0,117316,0
0,352156,0
0,38677,0
0,25366,0
0,340243,0
0,139777,0
1200000,378350,0
0,281968,0
0,333658,0
0,224243,0
10000000,321258,64188367
5000000,343795,4842699
0,119586,0
0,339547,0
0,285697,0
0,138022,0
0,270357,0
0,340255,0
0,48242,0
0,29695,0
0,217471,0
0,87737,0
0,44563,0
0,268350,0
0,334146,0
0,346170,0
0,72790,0
2480421,279096,0
0,145385,0
0,111561,0
0,155556,0
0,275477,0
7000000,243794,0
20000000,335778,46069568
0,15391,0
0,83001,0
0,373472,16905
0,329004,0
0,76851,0
0,235450,0
0,58500,0
0,376530,3162153
0,365065,0
0,67844,0
0,334918,0
0,345775,0
0,114284,0
0,116306,0
0,93521,0
0,63505,0
0,170934,0
0,96715,0
0,340357,0
0,169721,0
0,364116,14332467
0,197785,0
11500000,291870,94073028
0,84728,0
0,379297,0
0,21266,0
0,137533,0
0,214105,0
2500000,364427,302000
0,333377,44695
0,1998,0
0,68555,0
0,50124,0
0,77294,0
0,159514,0
0,335051,0
0,320302,0
80000000,300673,52099090
3200000,18874,0
0,347495,0
0,171902,0
0,11089,0
1500000,301325,0
0,367536,0
0,270397,0
0,374142,0
2000000,315055,0
0,42588,13300000
0,10626,0
0,376681,0
0,53074,0
0,136296,0
0,47717,0
0,58396,0
0,344277,0
0,63766,0
0,83831,0
0,265531,0
0,350505,0
0,41924,0
0,210609,0
0,253020,0
0,360799,0
0,48180,0
0,35025,0
0,201643,0
1000000,169634,0
0,39253,0
0,62738,0
722083,293122,499168
0,40356,0
0,317723,0
11000,122052,0
20000000,334531,0
0,116714,0
0,248268,0
8500000,339408,15861566
0,174369,0
0,18174,0
0,96828,0
0,337960,0
0,46821,0
0,380841,0
0,12831,0
0,191465,0
0,380864,0
0,22316,0
0,46430,0
0,166253,0
0,20916,0
0,142631,0
0,210068,0
0,232795,0
0,39837,0
0,82575,0
0,64880,1486992
0,362100,0
0,305819,0
0,25801,0
0,215797,0
0,205221,0
0,356057,0
0,266038,0
0,135713,0
0,43735,0
0,298986,0
0,333888,0
0,332709,0
0,18230,0
6400000,44566,5900000
884130,351072,2259444
0,277528,0
20000000,296096,207945075
0,378385,0
0,336669,0
0,372315,0
0,338803,0
0,324289,0
80000,280617,0
0,135097,0
0,170292,0
0,348089,0
50000,250902,0
1500000,63378,0
0,55283,1458709
0,336663,0
0,17720,0
0,335031,0
0,42526,0
0,76200,0
0,346651,0
0,316000,3460466
20000000,263341,0
20000000,146198,12639297
140000000,205584,150680864
1400000,336808,1320005
10721568,376869,2978994
5000000,323677,24804129
0,367493,0
0,296879,0
15000000,333371,108286421
60000000,267860,205754447
150000000,269149,1023784195
35000000,279641,23083334
0,258363,0
18500000,318850,6490401
0,378200,0
35000000,267193,25182929
0,287284,0
0,361263,0
0,367513,0
0,380565,0
0,20051,0
0,24569,0
0,17276,0
0,24571,0
0,60867,0
300000,262199,0
0,19297,0
0,312804,0
0,19252,0
0,36718,0
0,29114,0
0,56418,0
0,62717,0
0,202140,0
0,324978,0
0,200548,0
0,206292,0
0,24654,138913
0,51309,0
0,169798,0
0,98048,0
0,209251,0
0,73565,0
0,348674,1113277
8000000,164443,0
0,61314,0
0,282084,0
2000000,342381,0
1100000,92060,0
0,37793,0
0,273509,0
3000000,255278,0
0,368835,0
0,331745,0
0,286595,0
0,371007,0
0,36092,0
0,365187,0
1000000,360387,0
1730000,366249,0
0,78340,0
0,257081,0
0,228647,0
0,87612,0
0,125414,0
0,168228,0
0,184260,0
0,361183,0
0,285307,0
0,287170,0
0,97350,25049
0,254800,0
0,371003,0
11000000,373314,0
0,377853,0
0,37839,0
0,56943,0
0,108476,0
0,159006,0
0,343043,0
0,352162,30169
0,102707,0
0,73791,0
0,381353,0
0,329809,0
0,358403,0
0,336199,0
0,337107,0
0,315865,0
0,352025,0
0,329682,0
0,330348,0
0,342281,0
0,341392,24134
0,24570,0
0,355264,0
0,367215,0
37000000,299824,278300000
0,76282,0
0,44637,0
0,86186,0
0,84865,0
0,359154,0
0,33842,0
0,82157,0
0,124480,0
0,157447,0
0,110395,1119368
0,43292,0
264000,211317,0
0,278514,0
0,100669,0
0,257450,0
0,165404,0
0,49518,0
0,166258,0
0,59372,0
0,117142,0
0,97437,0
350000,83902,6100000
0,134841,0
0,78827,0
0,20731,0
0,159436,0
0,277751,0
0,20656,0
0,35907,0
0,19293,0
0,341050,0
0,354251,0
0,324803,0
0,363264,0
0,333350,0
0,257454,0
0,29212,0
0,56309,0
0,127688,0
0,93193,0
0,128866,0
0,161374,0
0,18044,0
0,4289,0
0,28346,0
0,90030,0
0,253282,0
0,307318,0
0,60389,0
0,329063,0
300000,49991,0
450000,28509,0
0,109174,0
0,44548,0
0,44184,0
1000000,69075,0
0,29889,0
0,67320,0
0,86495,0
0,151062,0
0,27674,0
0,370168,0
0,58769,0
0,125087,0
0,74942,0
0,31907,0
0,288186,0
0,374618,0
0,71120,0
0,57568,0
10000000,47655,0
0,85512,0
0,27941,0
500000,28686,0
0,44385,0
0,96334,0
0,60825,0
0,298584,0
0,306547,0
0,379998,0
0,382436,0
0,190269,0
0,237433,0
0,63142,0
0,308409,0
0,379335,0
0,89816,0
0,278051,0
0,57144,0
0,46426,0
0,68720,0
0,351365,0
0,105465,0
0,67908,0
0,74558,0
5,286940,0
0,139820,0
0,67740,0
0,82028,0
3000000,354857,0
0,65707,0
0,82094,0
0,367492,0
0,100275,1632
1800000,73800,0
36000000,365222,156844753
0,41188,0
0,118408,2
0,60604,0
0,44850,0
0,67327,0
0,23529,0
0,54769,0
0,20221,0
250,114922,0
12000000,182219,0
0,81666,0
0,290365,0
0,46258,0
0,225244,0
2000000,253395,0
0,82153,0
0,77585,0
0,180363,0
0,203547,0
0,248543,0
0,56992,0
0,36301,0
0,60498,0
0,50934,0
0,126219,0
0,202172,0
0,278771,0
0,353609,0
0,208431,0
0,331354,0
0,9321,0
0,183176,0
0,228204,0
0,257614,0
0,340881,0
0,382951,0
50000,216529,0
0,107587,0
0,59944,0
0,363185,0
0,150025,0
0,74831,0
350000,148184,0
0,30909,0
0,114354,0
0,112631,0
0,234815,0
0,240628,0
1500000,258450,0
0,312101,0
0,186066,0
0,82265,0
0,157153,0
0,43953,0
0,128177,0
0,249368,0
0,119616,0
0,197790,0
0,81524,0
0,185248,0
0,280901,0
0,20205,0
0,203351,0
1000000,197624,0
0,24198,0
0,180935,0
0,179398,0
0,237200,0
0,273598,0
0,354100,0
0,143983,0
0,373441,0
0,217172,0
0,100528,0
0,279634,0
0,334894,0
0,52236,0
0,166256,0
0,303398,0
0,295508,0
0,71064,0
0,362291,0
0,205211,0
0,318484,0
0,166225,0
0,71920,0
0,354547,0
0,41901,0
0,345426,0
0,101783,0
0,86576,0
0,46428,0
4000000,257087,0
0,217605,0
0,49098,0
0,104548,0
0,313108,0
0,382155,0
0,74919,0
0,139635,0
0,44528,0
0,127329,0
0,85580,0
0,9939,0
0,379873,0
0,137269,0
0,44239,0
0,20534,0
0,21665,0
0,166027,0
0,117341,0
0,211105,0
0,115153,0
1300000,72051,11000000
0,361866,0
0,159069,0
0,127531,0
0,196852,0
0,135199,0
0,117099,0
0,336735,0
0,277229,0
0,232817,0
0,66702,0
0,103212,0
0,158780,0
0,184395,0
0,195557,0
0,195562,0
0,195535,0
0,195561,0
0,195653,0
0,195713,0
0,163111,0
0,195732,0
0,196044,0
0,202020,0
0,156529,0
0,184522,0
0,161898,0
0,303982,0
0,228184,0
0,153695,0
14000000,300602,8306690
0,258585,0
0,41093,0
0,53871,0
0,283424,0
0,57296,0
0,324317,0
1520000,23729,0
0,258749,0
2000000,373878,0
0,371645,0
0,347064,0
0,347847,0
11000000,354110,0
0,20132,0
0,97341,355962
0,22429,0
0,20390,0
0,58725,0
0,39217,0
0,83903,0
500000,15978,0
0,40017,0
0,276387,0
0,20296,0
0,161212,0
0,181267,0
0,272220,0
0,301687,0
0,107391,0
0,49496,0
0,218150,0
0,371442,0
0,220500,0
0,31364,0
0,129882,0
0,202253,0
0,114006,0
0,69346,0
0,21555,0
0,58302,0
0,97361,0
0,243416,0
0,237422,0
0,330430,0
0,140231,0
0,65719,0
0,20623,0
0,48318,0
0,129820,0
0,362812,140
0,170856,0
0,45886,0
0,118635,0
0,281122,0
0,149094,0
0,111988,0
0,249347,0
0,278269,0
0,44351,0
0,46857,0
100,36224,0
0,88860,0
0,219693,0
0,86077,0
0,64225,0
0,47239,0
0,111248,0
0,201639,0
0,44066,0
0,177564,0
0,87394,0
0,217247,0
0,27598,0
0,245324,0
0,78547,0
0,73094,0
0,175380,0
0,129933,0
0,94807,0
0,71117,0
0,4747,0
0,178907,0
0,202662,0
0,20907,0
0,74903,0
0,80080,0
0,31450,0
0,265845,0
2000,27671,0
0,138093,0
0,69022,2800
0,64404,0
0,149455,0
0,69917,0
0,126610,0
478000,84848,0
0,52701,0
0,10749,0
0,131398,0
0,62759,0
0,336970,0
0,155052,0
0,92988,0
0,45204,0
0,10500,0
0,101965,0
0,149727,0
0,162877,0
0,49446,0
0,19008,0
0,292533,0
0,108949,0
0,11869,0
0,128714,0
0,383725,0
0,45677,0
0,8846,0
0,69019,0
0,94790,0
0,84023,0
0,101917,0
0,108639,0
0,80990,0
0,56487,0
0,66541,0
0,65504,0
0,85904,0
0,152653,0
0,185153,0
0,70503,0
0,121740,0
0,46212,0
25000,160960,0
0,33297,0
0,76547,0
0,83185,0
0,182991,0
0,161361,0
0,376951,0
60,312399,0
0,40123,0
0,47510,0
0,62297,0
0,11445,0
0,372946,0
0,41472,0
0,180879,0
0,343825,0
0,67263,0
0,26368,0
0,145191,0
0,158968,0
0,100086,0
0,35451,0
0,271667,0
0,123406,0
0,125795,0
0,49695,0
0,79860,0
0,350765,0
0,254313,0
0,7274,0
0,169108,0
0,225760,0
0,114645,0
0,36895,0
0,228216,0
0,4979,0
0,282553,0
0,265793,0
0,105760,0
0,67355,0
0,44436,0
0,103953,0
0,211714,0
0,246417,0
0,243934,0
2700000,64944,0
0,88302,0
0,180695,0
0,218728,0
0,70794,0
0,1837,0
0,98642,0
0,335201,0
0,70457,0
0,89757,0
0,35749,0
0,302436,0
0,49941,0
10000,189556,0
0,89560,0
0,136141,0
0,47900,0
0,115239,0
27000,271124,0
2500000,44673,0
0,76760,0
0,48449,0
0,282086,0
0,104374,0
0,382725,0
0,375732,0
0,378227,0
0,111974,0
0,68876,0
0,14489,0
250000,39241,0
0,49125,0
0,85265,0
0,269843,0
0,171213,0
0,104354,0
0,276702,0
0,46632,0
0,112044,0
0,39798,0
6900000,105254,6530000
0,44072,0
0,162396,0
0,39510,0
0,275932,0
0,107852,0
0,28525,0
0,198450,0
6000000,16403,0
0,79048,0
0,106538,0
1700000,361980,0
0,163077,0
0,143959,0
0,65120,0
1300000,293313,0
0,140278,0
0,353641,0
0,270936,0
2100000,293471,0
0,364387,0
0,52775,0
0,64504,0
0,61320,0
0,61313,0
0,69120,0
0,72654,0
0,74955,0
0,78563,0
0,33130,0
0,57954,0
0,84026,0
0,122356,0
0,148853,0
0,73503,0
0,206157,0
2800000,16159,0
0,27496,0
0,185495,0
0,123897,0
0,70748,0
0,214355,4900000
0,186738,0
0,68173,0
0,37993,0
0,116146,0
0,44589,0
0,278778,0
3500000,352720,0
0,316111,0
0,260163,0
0,286367,0
0,178687,0
0,52416,0
0,51205,0
0,280045,0
0,205943,0
0,169865,0
0,216068,0
7000,308269,0
250000,74727,0
0,38440,0
0,316840,0
0,236007,0
0,20182,0
0,46432,0
0,347807,0
0,59362,0
0,20494,204
0,20145,0
0,20092,0
0,253578,0
0,92193,0
0,226092,0
0,28389,0
0,72661,0
0,41078,0
0,73129,0
0,61552,0
0,103539,0
0,17582,0
0,159245,0
0,279598,0
0,42346,0
0,47723,0
0,21751,1589109
0,104172,0
0,318851,0
0,118727,0
0,150578,0
0,291122,0
0,319179,0
0,121754,0
0,162458,0
0,242289,0
0,49782,0
0,150223,0
0,241593,0
0,11946,0
0,260182,0
0,96419,0
0,82342,0
0,78282,0
0,268669,0
0,28527,0
0,347317,0
0,41228,0
0,16010,0
0,106669,0
0,85087,0
0,238436,0
0,90034,0
0,192480,0
0,172973,0
0,90319,0
0,72214,0
0,263112,0
0,114931,0
0,49908,0
0,107019,0
0,329216,0
0,80324,0
0,365375,0
0,337104,0
0,30345,0
0,47149,0
0,49498,0
85,89242,0
0,190410,0
0,200016,0
0,47011,0
0,93440,0
0,97707,0
0,100250,0
0,342686,0
0,125727,0
0,99495,0
0,270024,0
0,100017,0
0,36296,0
0,381670,0
0,252476,0
0,117565,0
0,141757,0
0,273890,0
0,70967,0
0,105033,0
0,161535,0
0,71630,0
0,145909,0
0,384262,0
0,130802,0
0,90616,0
0,89921,0
0,369362,0
0,366736,0
0,351981,0
143149,341007,645135
0,241927,0
0,77958,0
0,20294,36500000
0,36204,0
0,20454,0
0,46383,0
0,59904,0
6000000,22448,0
4,159434,0
0,15411,0
0,46409,0
0,19418,0
0,66537,0
2300000,14467,11100000
2400000,15864,9600000
5000000,19624,0
10000000,14071,20000000
0,20832,8000000
0,15974,0
0,23848,0
0,16383,0
0,14546,0
0,25510,0
0,372985,0
0,379388,0
0,383255,0
0,378505,0
0,14193,0
0,330381,0
750000,15979,2760000
0,15464,0
0,55376,0
0,21822,0
0,36919,0
0,342163,0
0,106414,0
0,371462,0
0,75282,0
0,123979,0
0,126563,0
0,2890,0
0,199283,0
0,333164,0
0,149326,0
0,73775,0
0,65216,0
0,65280,0
0,148411,0
0,6417,0
0,43925,0
0,8444,0
0,65771,0
0,13798,0
0,129518,0
0,95240,0
0,88395,0
0,69016,0
0,38668,0
0,83299,0
0,44517,0
0,61699,0
0,182768,0
0,96497,0
0,10129,0
0,76350,0
0,40522,0
0,52538,0
0,353533,0
0,80276,0
0,83889,0
0,23381,0
0,56986,0
0,37172,0
0,94965,0
0,85813,0
0,48315,0
0,73578,0
0,224061,0
7000000,111836,16000000
0,262227,0
0,138667,0
6,80539,0
0,125835,0
5990000,148265,19450000
0,79210,0
0,40909,0
0,80805,0
0,349135,0
0,67988,0
0,227871,0
12000,28188,0
0,196907,0
0,84904,0
0,104927,0
0,61025,0
0,342672,0
3000000,19980,6600000
0,85708,0
0,18673,0
0,187579,0
0,16008,0
0,20891,0
0,117790,0
0,112346,0
0,199879,0
0,96594,0
0,52073,0
0,308671,0
0,97547,0
0,189420,0
0,284620,0
3900000,76099,0
0,209312,0
0,238456,0
7500000,24603,0
0,82409,0
0,20507,0
0,82279,0
0,267035,0
0,74661,0
0,138449,0
0,50730,0
2300000,67509,0
0,78701,0
0,274202,0
0,8144,0
0,141010,0
0,77257,0
0,276537,0
0,28812,0
0,332721,0
0,4680,0
0,77859,0
0,256103,0
9370000,44425,0
7500000,44565,10000000
10000000,44978,0
3750000,34144,5000000
390000,49028,0
0,115905,0
0,354388,0
0,112947,0
2500000,88377,0
0,79836,0
0,61540,0
0,73835,0
100000,81521,0
0,61203,0
0,56901,0
0,53569,0
130,73582,8
13100000,61400,4100000
0,71481,0
70000,215726,0
0,158519,0
0,84240,0
0,267522,0
0,78377,0
0,141679,0
0,259460,0
0,384894,0
0,362243,0
0,287322,0
0,96552,0
0,105833,0
0,347184,0
0,250919,0
0,31319,0
0,60616,0
0,123707,0
0,227481,0
0,105572,0
0,354023,0
0,308823,0
1000000,135362,0
0,18508,0
0,20934,0
0,89722,0
0,19759,0
0,185354,0
0,64190,0
0,41039,0
0,64935,0
0,2764,0
0,286512,0
0,17302,0
0,326305,0
0,57983,0
0,48489,0
0,78539,0
0,296225,0
0,369366,0
0,64649,0
0,75179,0
0,72615,0
0,71496,0
0,53472,0
0,3048,0
0,78072,0
0,201214,0
0,45064,0
0,180555,0
0,382517,0
0,332880,0
0,376515,0
0,380694,0
0,370870,0
0,369364,0
0,50861,0
0,238529,0
0,16123,0
0,197788,0
0,14814,0
0,108582,0
0,37311,0
0,193177,0
0,321377,0
0,288286,0
0,16803,0
0,347465,0
0,173421,0
0,48128,0
0,48122,0
0,16513,0
0,43077,0
0,164045,0
0,177216,0
0,185640,0
0,228355,0
0,177358,0
0,209410,0
0,186747,0
0,46780,0
0,65188,0
0,334495,0
0,292214,0
0,78202,0
0,73123,0
0,107767,0
0,220154,0
0,119816,0
0,47231,0
0,9084,0
0,324408,0
0,50294,0
0,81389,0
0,80608,0
0,199934,0
0,180240,0
0,4443,0
0,37602,0
0,180970,0
0,30810,0
0,21282,0
0,18879,0
0,84030,0
0,799,0
0,54560,0
0,53524,0
0,70119,0
0,267415,0
0,85690,0
0,21070,0
0,38553,0
0,15201,0
0,71587,0
0,259387,0
0,36292,0
0,86177,0
0,219166,0
0,115383,0
0,8651,0
0,361181,0
0,127286,0
0,51839,0
0,164288,0
0,85787,0
0,50179,0
0,88580,0
0,16423,0
0,285935,0
0,70939,0
0,280840,1137421
0,285803,0
5,287859,4
0,248698,0
0,264206,0
0,256907,0
0,251626,0
0,259720,0
4200000,271200,10000000
10000000,274109,0
4500000,348537,0
0,298923,0
0,292830,0
0,325892,0
0,222890,0
0,14962,0
0,26743,0
0,51306,0
0,295715,0
1000000,21026,0
0,50658,0
0,96496,0
0,37600,0
0,253072,0
0,24199,0
0,49323,0
0,295782,0
0,52088,0
0,9608,0
0,52371,0
0,33371,0
0,90503,0
0,45047,0
0,252406,0
0,152948,0
0,76323,0
0,168712,0
0,150736,0
0,50583,0
0,153541,0
0,12495,0
0,368128,0
0,97138,0
4200000,29101,0
0,71097,0
0,191385,0
0,14482,0
0,4134,0
800000,85277,966214
0,219808,0
0,15838,0
0,53463,0
0,19812,0
0,135204,0
0,61863,0
0,49877,0
0,41121,0
0,105915,0
0,46333,0
4170000,24285,0
0,27730,0
0,18265,0
0,56344,0
0,349008,0
0,111114,0
0,65885,0
0,48623,0
0,149832,0
0,123782,0
0,161827,0
0,193595,0
0,56245,0
0,88269,0
0,168179,0
0,251241,0
0,338309,0
292,147698,0
0,106671,0
7500000,305638,0
0,88264,0
0,60948,0
0,117046,0
0,49099,0
0,161359,0
0,88051,0
0,95385,0
0,316603,0
0,260352,0
0,102860,0
0,88534,0
0,67941,0
0,169877,0
0,28642,0
0,85107,0
0,254661,0
0,102873,0
0,324083,0
0,348273,0
0,106134,0
0,162472,0
0,111650,0
0,147496,0
0,154211,0
0,30888,0
0,46863,0
0,126879,0
0,102858,0
0,220005,0
0,149657,0
0,42647,0
0,45490,0
0,297288,0
0,297745,0
0,24235,0
0,57394,0
0,274110,0
0,64304,0
0,43833,0
0,193460,0
0,186775,0
0,5256,0
0,64869,0
0,38659,0
0,42789,0
0,162117,0
0,156007,0
0,96935,0
0,126958,0
0,334312,0
0,186881,0
0,49092,0
0,269390,0
0,124762,0
0,138191,0
0,158942,0
0,158951,0
0,157033,0
0,118145,0
0,98025,0
0,57768,0
0,105593,0
0,257947,0
0,254902,0
0,78071,0
0,239536,0
0,237957,0
0,170923,0
0,354021,0
0,51902,0
0,126313,0
0,297631,0
0,85834,0
177,96026,0
0,31957,0
0,116318,0
0,128061,0
0,211158,0
0,361131,0
0,105304,0
0,257095,0
0,64437,0
0,357959,0
0,45205,0
0,76784,0
0,317988,0
0,142406,0
0,263627,0
0,355211,0
0,261562,0
0,33407,0
0,361664,0
0,96300,0
0,362178,0
0,382899,0
0,296449,0
0,358859,0
0,191703,0
0,40993,0
0,260397,0
0,361066,0
0,142916,0
0,179837,0
0,104317,0
0,220949,0
0,278262,0
0,126208,0
0,208947,0
0,149712,0
0,48617,0
0,144886,0
0,270469,0
0,228442,0
0,144156,0
0,277819,0
0,247436,0
0,172673,0
0,195804,0
0,168478,0
1200000,322266,0
0,363844,0
0,302528,1986615
0,137200,0
0,262713,0
0,130993,0
0,256316,0
2100000,121998,0
0,281600,0
0,140008,0
0,183128,0
0,80281,0
0,324269,0
250000,36511,0
60720000,381890,553810228
0,371758,0
0,347669,0
0,302036,0
0,258210,0
0,159630,0
0,89337,0
0,69610,0
0,42911,0
0,163313,0
0,347835,0
0,187238,0
0,383809,0
0,135536,0
0,101553,0
0,138273,0
121,137599,0
0,50268,0
0,37265,0
0,55580,0
0,30301,0
0,257302,0
0,116614,0
0,21990,0
0,10125,0
0,329010,0
0,324340,0
0,367596,0
0,27836,0
0,96161,0
0,297207,0
0,26329,0
0,367275,0
0,77829,0
0,39305,0
0,82737,0
0,132705,1612100
0,330697,0
1150118,364540,0
7000000,301365,1333124
0,334026,0
0,346763,0
0,309024,0
0,330770,0
0,277713,0
1900000,364433,0
0,308674,0
250000,287940,0
0,20431,0
3000000,37941,12000000
0,341420,0
0,21463,0
3230939,20049,18000000
0,82124,0
0,53883,0
0,236808,0
0,70988,0
0,66536,0
0,66344,0
0,165432,0
0,62241,0
0,72188,0
0,363846,0
0,181656,0
0,198993,0
0,284135,0
0,160075,0
0,187662,0
0,385317,0
0,191824,0
0,60807,0
1333333,31626,5333333
2915739,31629,14000000
0,81060,0
0,23776,0
440141,199160,2640850
0,34763,0
0,117058,0
0,19754,0
0,385232,0
0,35106,0
0,323315,0
0,128722,0
0,162611,0
0,144436,0
0,94702,0
0,85220,0
0,140554,0
0,277796,0
0,263976,0
0,369245,0
0,301348,1055287
0,287179,0
0,163837,0
0,81843,0
0,371647,0
0,159281,0
0,268271,0
0,150029,0
0,103850,0
0,34052,0
13000000,338065,22000000
13000000,333352,18704595
0,367524,0
0,64407,0
0,63224,0
0,98302,0
0,359025,0
0,347752,0
0,323665,0
0,382581,0
0,332706,0
0,150201,0
0,347764,0
0,291871,0
0,383140,0
0,23704,0
2000000,79550,0
0,336652,0
0,22812,0
0,97400,0
1000000,320588,14444999
0,131907,0
0,214775,0
0,104338,0
0,348346,0
0,382913,0
0,78088,0
0,85793,0
20000,216016,0
0,38531,0
0,365447,0
0,174187,0
0,101858,0
0,92927,0
0,186268,0
0,37754,0
0,262536,0
0,41383,0
0,224339,0
0,73983,0
0,95552,0
0,65270,0
0,166904,0
0,34462,0
300,257004,0
0,177622,0
17000000,2989,2000000
0,181565,0
0,206289,0
0,46043,0
8000000,333385,34694
0,212270,0
0,3938,0
0,93212,0
0,99368,0
0,41568,0
0,311585,0
0,136585,0
0,207680,0
0,346494,0
0,337085,0
0,332704,0
0,336850,0
0,65874,0
0,80881,0
0,230235,0
0,42606,0
0,388237,0
500000,320048,0
0,88665,0
0,23628,0
3000000,113752,0
0,301224,0
0,180021,0
0,369834,0
0,75745,0
0,41988,0
0,347689,0
16000000,339984,73883359
0,54566,0
0,55495,0
0,379925,0
0,171550,0
0,347881,0
0,359549,0
0,292010,0
0,54008,0
0,299309,0
0,278717,0
6000000,209266,0
0,67852,0
0,326649,0
0,5728,0
0,12422,0
0,130544,0
0,63065,0
0,382962,0
0,291189,0
0,375012,0
0,312849,0
0,273912,0
0,287719,0
0,63004,0
0,213595,0
0,52488,0
0,98487,0
0,43093,0
0,376311,0
29000000,315664,48902953
0,49834,0
0,24258,0
0,47683,0
0,258800,0
0,163018,0
5300000,377799,0
0,163791,0
0,64674,0
0,374021,0
0,379508,0
0,301494,0
0,47247,0
0,48125,0
0,167021,0
0,38404,0
0,71921,0
0,143839,0
0,365805,0
0,72278,0
0,83907,0
0,110468,0
0,329815,39687
0,12781,0
0,63317,0
0,272160,0
0,226693,0
0,370902,0
8500000,47845,0
0,224951,0
0,242546,0
0,300403,0
0,228109,0
18000000,302688,88923251
0,327528,830129
0,367108,0
0,326119,0
0,203124,0
0,167410,0
300000,357706,2100000
0,210302,0
0,208091,0
0,136366,0
0,384205,0
0,110898,0
1500000,314029,0
0,38706,0
0,18188,0
0,46776,0
0,195029,0
0,58559,0
0,378137,0
0,387054,0
0,124993,0
0,42291,0
0,31184,0
0,359440,0
13000000,297806,1646788
8000000,186759,0
0,356326,0
0,153397,0
0,40208,0
15000000,342521,20566327
0,132540,0
0,337758,0
0,334922,0
1300000,375742,101657
700000,336011,200242
5000000,290825,0
0,239103,0
0,157005,0
0,72750,0
0,48613,0
0,333663,0
0,250852,0
0,201729,0
0,154786,0
0,82151,0
0,278660,0
0,75577,0
0,97399,0
0,123680,0
0,34158,0
0,214170,0
0,341745,0
0,276157,0
0,122544,0
3000000,296360,14016568
0,257044,0
0,165344,0
0,44256,0
0,186991,0
0,254952,0
0,259014,0
0,347848,0
0,239367,0
0,60410,0
0,33419,0
400,76746,0
0,36818,0
0,242631,0
0,134238,0
0,207178,0
0,85231,0
0,75510,0
0,122325,0
0,249969,0
0,66060,0
0,372691,0
0,178447,0
0,86497,0
0,376716,4314688
3650000,383535,0
0,90110,0
0,297784,0
0,365002,0
0,68048,0
0,261899,0
0,261112,0
0,16017,0
0,145547,0
0,295627,0
0,202831,0
0,50942,0
0,271664,0
0,75027,0
0,379291,0
0,338913,0
0,304869,0
0,251220,0
0,229353,0
0,302802,0
0,204506,0
0,387893,0
0,109261,0
0,287717,0
0,45103,0
0,27923,0
0,74705,0
0,334629,0
0,246415,0
0,255548,0
0,125531,0
3000000,163042,0
0,177714,0
0,131027,0
0,83234,0
0,78476,0
0,239804,0
400000,292081,88097
0,267579,0
0,5252,0
0,67089,0
0,182950,0
0,356325,0
0,114242,0
0,304878,0
10000,76105,0
0,357096,0
0,116500,0
0,45960,0
0,121848,0
0,81670,0
0,64239,0
0,12607,0
0,187422,0
0,64307,0
0,66730,0
0,193459,0
0,373349,0
0,344170,0
0,110299,0
0,59895,0
375581,36799,0
0,175226,0
0,224162,0
0,54241,0
0,85232,0
0,95037,0
0,118517,0
0,33486,0
0,33484,0
0,36704,0
717,33482,0
0,36706,0
0,179103,0
0,296071,0
0,380808,0
10000000,295699,3400278
0,21571,0
0,161816,0
0,19083,0
0,72912,0
0,205055,0
4000000,369557,13624522
608000,336775,0
0,340627,0
0,75733,0
0,82100,0
0,40211,0
0,362541,0
0,123337,0
0,389882,0
0,58517,0
0,298869,0
0,25451,0
0,185289,0
0,184328,0
0,185273,0
0,187516,0
0,156603,0
0,180819,0
0,252916,0
0,115706,0
0,192371,0
0,116160,0
0,107966,0
0,174195,0
0,116190,0
0,70313,0
0,144852,0
0,193435,0
0,178569,0
0,177234,0
0,230182,0
0,193450,0
0,358893,0
0,354220,0
0,347850,0
0,142023,0
0,351065,0
51237,331985,0
0,321645,0
0,298165,0
0,334362,0
0,203890,0
0,25803,0
0,276828,0
0,240636,0
0,317213,0
0,195030,0
0,348396,0
0,335026,0
0,365909,0
0,369373,0
0,250686,0
0,382523,0
0,109907,0
0,282346,0
0,300455,0
0,365566,0
0,116312,1622164
0,352166,0
0,144686,0
0,53202,0
0,142914,0
5000000,370755,2152738
115000000,290595,164602163
35000000,325133,108758521
0,133953,0
0,113660,0
0,224944,0
110,158928,0
0,86239,0
0,26829,0
0,70151,0
0,388910,0
0,29487,0
0,29490,0
0,29829,0
0,46196,0
0,206099,0
0,29390,0
0,29398,0
0,300769,0
0,365183,0
0,118534,0
0,369168,0
0,355925,0
0,252674,0
0,327674,0
0,356300,0
0,101733,0
0,40043,0
0,90843,0
0,57173,0
0,102909,0
0,332748,0
9000000,301608,0
0,131334,0
0,173327,0
4000000,68016,6000000
0,81030,0
325000,372226,1600000
0,166393,0
0,297393,0
0,290916,0
0,376570,0
0,121983,0
0,285869,0
1500000,32202,0
0,308063,0
0,277690,0
0,61908,0
0,42362,0
1500000,343112,0
2100000,374465,282382
0,318553,0
0,237811,0
3000,15803,0
0,130269,0
0,144651,0
0,113217,0
0,57656,0
0,18597,0
0,19499,0
0,15372,0
0,15429,0
0,24784,0
0,49381,0
0,79483,0
0,238177,0
0,204344,0
0,200558,0
0,26768,0
1000000,354924,0
0,254439,0
0,96186,0
0,52854,0
0,227077,0
0,348390,0
0,235046,0
18,301056,0
0,67174,0
0,99374,0
0,166660,0
0,255388,0
0,56078,0
0,51505,0
0,244852,0
0,270909,0
0,117023,0
0,322746,0
0,101320,0
0,67021,0
0,217324,0
0,377170,0
0,130098,0
0,53421,0
0,364810,0
0,85613,0
0,110282,0
0,341366,0
0,352372,0
0,39857,0
0,339994,0
0,194853,0
0,178032,0
0,146904,0
0,146075,0
0,86234,0
0,135335,0
0,19509,0
0,297421,0
7000000,170194,0
0,153161,0
0,153165,0
0,85540,0
0,153169,0
0,336121,0
0,80094,0
5070773,335578,0
0,342165,7000
0,117483,0
0,392418,0
0,197175,0
0,355230,0
0,332739,0
0,317954,0
0,107641,0
0,122270,0
0,3102,0
0,62729,0
0,193899,0
0,128671,0
0,191068,0
0,190883,0
0,191427,0
0,116857,0
0,125673,0
0,261684,0
0,126418,0
0,230284,0
0,184824,0
0,182899,0
0,183827,0
0,335498,0
0,255733,0
0,101715,0
0,112558,0
0,356090,0
0,290188,0
0,87992,0
0,54440,0
0,340187,0
0,328594,0
0,298032,0
0,96767,0
0,169496,0
0,347097,0
0,47851,0
0,333356,0
0,324320,0
0,71336,0
0,23154,0
0,212156,0
0,100288,0
0,168976,0
0,29009,0
5000000,23854,0
0,62132,0
0,75537,0
0,333123,0
32000000,39899,0
0,3941,0
0,297063,0
16000000,377985,29251596
0,1659,0
0,1652,0
0,1655,0
0,38243,0
0,279090,0
0,348025,0
1800000,56948,0
0,353326,11472454
0,361841,0
0,24450,0
0,318054,0
0,366901,0
0,161143,0
0,85693,0
0,118251,0
0,385750,0
0,385738,0
0,305342,0
0,333092,0
0,58032,0
0,77786,0
0,102039,0
0,19459,0
0,9657,0
0,9252,0
0,9379,0
0,36137,0
0,345874,0
0,165463,0
0,56429,0
0,239091,0
0,45232,0
0,7237,0
0,62880,0
0,332283,0
0,103073,0
0,58792,0
0,375572,0
0,51393,0
0,102444,0
0,114394,1
0,168616,0
0,37048,0
0,60964,0
27000000,303858,93282604
0,106729,0
0,47747,0
0,363354,0
0,229113,0
0,138827,0
0,28452,0
0,34036,0
700000,82394,0
0,16916,0
30000000,322240,57814445
7500000,84907,0
0,98959,0
0,51298,0
0,83266,0
0,38995,0
0,343042,0
0,206630,0
0,202637,0
0,39704,0
0,89458,0
0,145689,0
2000000,50025,0
0,356298,4417667
20000000,326423,55030051
0,362478,0
10000000,330483,18730891
0,205588,9930095
0,357125,0
0,44698,0
0,99846,0
0,31124,0
0,28757,0
0,378483,0
0,158947,0
0,391899,0
200000000,127380,1028570889
1,35759,0
0,53999,0
0,140652,0
0,320639,0
0,220515,0
0,142611,0
0,113347,0
29000000,323676,78636257
0,99513,0
0,381341,0
0,384254,0
0,79594,0
20000000,333669,14397593
0,387252,0
12000000,137400,0
0,381298,0
0,362682,0
0,325186,0
50000000,316152,25035950
73000000,153518,349779543
0,358644,0
0,297186,0
0,344593,0
0,306598,0
0,316883,0
0,15088,0
0,357313,0
0,384237,0
0,21343,0
0,373072,0
0,20898,0
0,71103,0
0,76102,0
0,327536,0
0,364088,0
0,86517,0
0,40080,0
0,76164,0
0,4457,0
50000,122466,0
0,390777,0
0,376292,0
0,12696,0
0,391578,0
0,392985,0
0,168055,7636
0,60809,0
18000000,332411,0
0,57130,0
0,22892,0
0,52279,0
0,17174,0
0,127776,0
0,320586,0
10500000,384737,100659
0,94170,0
0,156326,0
0,53050,0
0,60961,0
0,131673,0
0,234868,0
0,41368,0
0,76081,0
0,143335,0
0,25603,0
0,79137,0
0,23270,0
30000000,347938,0
0,26691,0
0,69150,0
0,83295,0
0,391997,0
0,153423,0
0,114384,0
0,176321,0
0,23767,0
9200000,188540,21000000
7900000,300983,16000000
6100000,76788,28000000
0,362150,0
0,280165,0
620000,330418,1400000
0,330399,0
0,320910,0
0,394374,0
0,82999,0
0,363178,0
5900000,247504,19000000
0,63964,0
0,129682,0
0,79354,0
2000000,223365,0
500000,69428,500000
500000,69417,500000
500000,69401,500000
500000,69399,500000
500000,69427,500000
500000,69404,500000
500000,69422,500000
500000,69423,500000
0,114426,0
0,114405,0
0,113332,0
0,174925,0
0,117024,0
0,51059,0
0,101766,0
0,35010,3848034
0,38983,0
0,266540,0
0,266102,0
0,13521,0
0,13520,0
0,123182,0
0,41628,0
0,244449,0
25000000,353069,48418160
0,109453,0
0,311667,0
0,7456,0
0,50451,0
0,364324,0
0,72753,0
0,124108,0
0,17137,0
0,51106,0
0,34194,0
0,343972,0
40000000,302401,37279439
0,21769,0
0,72823,0
0,125513,0
0,92728,0
0,155765,0
0,28697,0
0,42073,0
0,31034,0
0,125521,0
0,82386,0
0,36613,0
0,68922,0
0,125510,0
0,41365,0
0,35105,0
0,14829,0
0,39690,0
0,34935,0
0,25843,0
0,48405,0
0,277098,0
0,34772,0
0,86791,0
0,93734,0
0,31502,0
0,221317,0
0,355008,0
0,52143,0
0,44885,0
0,131433,0
0,203071,0
0,87636,0
0,134053,0
0,155017,0
0,294574,0
0,160399,0
0,53034,0
0,382885,0
0,71449,0
0,45330,0
0,71444,0
0,80394,0
0,394661,0
0,37629,0
0,68828,0
0,64784,0
0,339749,0
0,391566,0
0,358895,30400
0,387889,0
0,390520,0
0,392891,0
0,306523,0
0,306555,0
0,305455,0
0,265717,0
0,264454,0
20000000,234004,8821329
0,44157,0
0,282266,0
200000,139854,0
0,114521,0
0,25019,0
0,97943,0
0,14263,0
0,323262,0
11000,214187,0
0,173587,0
0,104239,0
0,328844,0
0,31472,0
0,36863,0
0,73896,0
0,33224,0
0,9547,0
0,65887,0
0,210615,0
0,66187,0
0,271919,0
0,12266,0
0,334889,0
0,314076,0
16500000,257440,21256
0,347945,4505
0,92307,0
0,300762,0
0,158903,0
0,39764,20
0,33827,0
0,59126,0
0,41617,0
0,120268,0
0,342850,0
0,313511,0
0,184561,0
0,231540,0
0,107248,0
0,235690,0
0,277459,0
0,44804,0
27000000,35026,0
0,241004,0
0,144008,0
0,46521,0
0,75262,0
0,200868,0
0,355890,0
0,127259,0
0,388055,0
0,245013,0
0,97253,0
0,202515,0
0,386891,0
0,176915,0
0,380254,0
0,208556,0
0,132166,0
0,126234,0
0,245917,0
0,257291,0
0,63427,0
0,117034,0
0,66638,0
0,206796,0
2000000,173443,0
0,64834,0
0,47096,0
0,305815,0
0,94709,0
0,119820,0
0,323573,0
0,379387,0
0,211337,0
0,85516,0
1500000,35114,0
0,120872,0
0,372234,0
0,82027,0
0,128396,0
0,121232,0
0,324271,0
0,299269,0
0,189875,0
0,273883,0
0,148380,0
0,30,0
0,331501,0
0,63665,114247
5000000,153779,0
0,372174,0
0,393877,0
0,356900,0
0,224089,0
0,224079,0
0,224098,0
0,224063,0
0,224084,0
0,120249,0
0,130436,0
0,184868,0
0,240968,0
0,286120,0
0,31338,0
0,245019,0
0,308557,0
0,54555,0
0,94658,0
0,71772,0
0,261433,0
0,166770,0
0,250434,0
0,106219,0
0,54316,0
0,80470,0
0,43102,0
0,336026,0
0,315723,0
0,256222,0
0,192184,0
0,189498,0
0,18906,0
0,91556,0
0,348673,0
24000000,75926,0
0,345664,0
0,5066,0
0,83788,0
0,82098,0
0,72655,0
0,97844,0
0,124013,0
0,45537,0
0,189996,0
0,255511,0
0,66540,0
50000000,290250,62788218
0,204994,0
0,349790,0
140000,239895,0
0,366005,0
0,88722,0
0,37454,0
0,160859,0
0,383121,0
704460,202214,0
0,132144,0
30000000,270010,4212494
0,195468,0
0,132148,0
0,132150,0
4000000,335053,0
0,46740,0
0,113670,0
0,115301,0
0,117457,0
0,118009,0
0,168421,0
0,116185,0
3200000,69636,0
2200000,62756,9700000
1,49029,3
0,330629,0
16000000,86718,98900000
0,69635,0
0,19978,8500000
0,69638,0
0,40713,44038000
0,37803,0
0,41413,0
0,85941,0
0,85721,0
0,14244,0
0,161463,0
0,108176,0
0,58494,0
0,36607,0
0,100813,0
0,56100,0
0,139846,0
0,97481,0
0,38111,0
0,42548,0
0,75100,0
0,50340,0
4000000,18377,0
0,355177,0
0,61002,0
0,343981,0
0,99592,0
0,35752,0
0,11767,0
0,119433,0
0,288694,0
0,96958,0
0,371695,0
0,11681,0
0,155011,0
1000000,219247,0
0,41808,0
0,303360,0
0,126265,0
0,291264,262921
0,248001,0
150000,260500,0
0,3786,0
0,396152,0
0,119255,0
0,178146,0
0,361205,0
0,44238,0
0,85013,0
10000000,380111,27305571
0,79040,0
0,201006,0
0,24827,26000000
0,278774,0
0,257245,0
0,77876,0
0,44606,0
0,115054,0
0,139856,0
0,268539,0
0,129400,0
0,258509,233755553
0,120259,0
0,387957,0
0,90121,0
0,264530,0
0,118889,0
0,63876,0
0,248424,0
0,126550,0
0,7871,0
0,362268,0
0,174759,0
0,41553,0
0,370014,0
0,39943,0
0,164479,0
0,379500,0
0,253484,0
17000000,332567,119100758
0,300665,0
0,383367,0
0,159207,30292
0,369058,0
0,129269,0
0,389323,0
0,32887,0
0,40471,0
0,74753,0
0,93006,0
0,169726,0
0,295273,0
0,294550,0
0,85327,0
0,55134,0
0,299582,0
0,371451,0
5000000,334557,0
0,315669,0
0,61533,0
0,57218,0
0,109587,0
0,15303,0
0,110501,0
200000,70527,286000
0,108835,0
0,33611,0
0,55125,0
0,33604,0
0,55130,0
0,167548,0
500000,57186,198
0,102337,0
0,64924,0
11000000,122800,0
0,112092,0
0,40890,0
0,391626,0
0,319632,0
0,226072,0
0,45341,0
0,125696,0
0,259728,0
0,221241,0
0,341559,0
0,73680,0
0,136902,0
0,71617,0
0,259690,0
0,361733,0
0,66944,0
0,284154,0
0,112931,0
0,61711,0
0,58007,0
0,61532,0
0,216138,0
0,16280,0
0,56294,0
0,15068,0
0,354776,0
0,280874,0
0,78375,0
0,63483,0
0,250275,0
0,242906,0
2000000,264555,0
0,84741,0
0,224919,0
0,58813,0
0,299730,0
0,218898,0
22000000,280690,55000000
0,188640,0
0,120942,0
3500000,22315,9250000
0,158009,0
137731,89868,1778391
0,252990,0
0,353125,0
0,297239,0
0,319396,0
0,87018,0
0,53850,0
0,75897,0
0,13099,0
0,138686,0
0,297961,0
0,81765,0
0,94587,0
0,80582,0
412000,52406,0
0,88865,0
0,86063,0
0,18152,0
0,49264,0
100,78573,0
0,121170,0
500000,117102,0
0,74113,0
0,338381,0
0,267292,0
0,290773,0
0,53104,0
0,117407,0
500,119430,0
0,297400,0
0,310952,0
0,296370,0
0,126760,0
8575000,290098,1983204
0,260826,0
0,48268,0
0,157964,0
0,197849,0
0,208198,0
0,358908,0
200000,289519,0
0,243306,0
170000000,241259,299370084
0,109752,0
0,377432,0
0,369052,0
0,289523,0
0,317114,0
0,315134,0
0,317121,0
140000000,267935,183345589
0,110777,0
0,176715,0
0,371464,0
0,359871,0
0,334534,0
0,334057,0
0,108879,0
0,238997,0
0,86522,0
0,241618,0
0,68213,0
0,68208,0
0,241619,0
0,143431,0
0,112722,0
0,182979,0
0,210250,0
19000000,223702,140705322
0,283827,0
0,141418,0
0,385390,0
0,387398,0
0,381615,0
0,377428,0
0,374614,0
0,374609,0
0,374739,0
0,374607,0
0,374606,0
0,374603,0
0,361745,0
0,352851,0
0,346489,0
0,311181,0
0,300187,0
0,299576,0
0,299574,0
0,289520,0
0,279371,0
0,279332,0
0,239018,0
0,258691,0
0,249057,0
0,238304,0
0,238749,0
0,235662,0
0,180794,0
0,226167,0
0,149235,0
0,149218,0
0,147132,0
0,145840,0
0,211125,0
0,85887,0
0,227552,0
0,81416,0
0,208035,0
0,389995,0
0,384798,0
0,78713,0
0,371560,0
0,164777,0
5000000,334533,5879736
0,129564,0
0,81976,0
3537415,374475,1390172
0,351454,939101
0,84993,0
0,257623,0
0,113294,0
0,46095,0
0,213570,0
0,43394,0
0,62006,0
0,68977,0
0,115386,0
0,381071,0
0,279049,0
0,294368,0
5000,250880,0
0,346873,0
0,352733,0
0,86520,0
0,122293,0
0,370234,0
0,128412,0
0,83235,0
0,56952,0
0,112633,0
0,385581,0
0,101916,0
0,80520,0
0,55916,0
0,126076,0
1000000,56491,0
0,60505,0
0,302508,0
0,385371,0
0,293670,0
0,168079,0
1500000,375199,0
0,155217,0
0,83501,0
0,364426,0
0,216472,0
0,51091,0
3200000,337154,4267218
0,113523,0
0,56424,0
4881000,188183,81350000
0,395181,0
0,134362,0
0,325758,0
0,319017,0
90000000,291805,334901337
0,390766,0
0,394812,0
0,370464,0
0,354818,0
0,369820,0
0,12443,0
0,23802,0
0,170740,0
0,388440,0
0,392440,0
0,388403,0
0,78492,0
0,48339,0
130000,42082,0
0,249075,0
0,38061,0
0,147307,0
0,235201,0
0,36090,0
0,268380,0
0,99080,0
0,56190,0
0,37228,0
0,394244,0
0,83284,0
0,69915,0
0,136762,0
37,94643,0
0,376916,0
0,339526,0
0,382088,0
0,362699,0
0,118792,0
0,396292,0
12000000,299782,0
0,24398,0
0,46178,0
0,345069,0
0,339928,732655
0,375170,0
0,330916,0
0,376549,0
0,93338,0
0,4290,0
0,87061,0
0,216203,0
1490000,332872,0
30000000,339397,43763247
0,374473,260354
0,84233,0
0,5654,0
0,353866,0
0,44645,0
0,314570,0
0,254420,0
0,50578,0
0,147367,0
0,340746,0
0,310567,0
0,381505,0
0,109581,0
0,375599,5000
0,344854,0
0,385379,0
0,311770,0
0,358907,0
0,323428,0
0,324764,0
0,346469,0
0,347344,0
0,303636,0
0,321283,0
0,356218,0
0,347106,0
0,335683,0
0,363607,0
0,389115,0
0,377290,0
0,381277,0
2700000,268618,0
0,341491,0
0,341490,0
0,91041,0
0,250974,0
0,280583,0
0,69471,0
0,39301,0
3500000,107775,0
0,17575,0
0,198783,0
0,55154,0
0,33340,0
0,64116,0
0,388468,0
0,87654,0
0,336885,0
0,373757,0
0,285165,0
4750000,348675,0
0,11392,0
0,57911,0
0,342695,0
0,16039,0
0,20661,0
0,335582,0
0,11390,0
0,76312,0
0,155714,0
0,146184,0
900000,80362,0
0,324284,0
3500000,391617,0
0,37433,0
0,47408,0
0,14233,0
4000000,48417,0
0,397914,0
3000000,347031,4210454
0,367416,0
500,378348,50
0,40534,0
0,102961,0
0,339148,0
0,222220,0
0,57992,0
0,66897,0
0,139251,0
0,391778,0
0,4546,0
0,389053,0
0,343140,0
0,363103,0
0,301804,3295624
2000000,374458,343617
0,26677,0
50000,322745,0
0,169448,0
600000,335409,0
0,260401,0
0,260399,0
0,107104,0
3000000,391375,0
0,398289,0
0,342464,0
0,148434,0
0,109456,0
0,150226,0
0,3698,0
0,5434,0
0,292610,0
0,40162,0
0,58419,0
0,31264,0
0,171993,0
0,374173,0
0,353989,0
0,45783,0
0,356842,0
0,16884,0
0,94067,0
0,88518,0
500,57313,0
0,79078,0
0,385320,0
0,21293,0
0,279588,0
0,214676,0
0,265982,0
0,376523,0
0,26521,0
0,41028,0
0,135652,0
0,93041,0
0,180886,0
0,72754,0
0,346384,0
0,18932,0
0,45780,0
0,41149,0
0,25787,0
0,280178,0
0,269306,0
0,109380,0
0,103941,0
0,361146,0
200000,29798,0
0,298228,0
135000000,308531,245623848
0,32790,0
2000000,30641,0
4000000,257345,10898293
0,256771,0
0,34598,0
0,41962,0
0,110283,0
0,83183,0
0,139176,0
0,318121,0
0,293413,62000000
430000,397403,0
0,24793,0
0,40258,0
0,105184,0
0,60163,0
0,40863,0
0,379220,0
0,258771,0
370000,322506,0
0,221343,0
0,121245,0
0,81120,0
0,362247,0
0,341012,9496130
0,198652,0
0,37237,0
0,324314,0
5100000,298459,0
0,114030,0
0,398854,0
0,356366,0
0,377158,0
0,350904,0
0,330294,0
0,364831,0
0,291863,0
0,398830,0
0,309879,0
0,400791,0
0,107315,0
0,91950,0
0,169782,0
0,98927,0
0,33108,0
0,353433,0
0,192040,0
0,220903,0
0,384130,0
0,370260,0
0,280004,0
0,347123,0
0,121572,0
0,43608,0
0,29477,0
0,400608,0
0,356329,0
3347850,58522,1248748
40000000,259693,320170008
0,248741,0
0,55608,0
0,30656,0
0,89587,0
0,312623,0
0,326255,0
0,400948,0
0,377823,0
0,376261,0
0,109088,0
0,66756,0
0,205891,0
0,364902,0
0,218351,0
0,241374,0
0,134475,0
0,65192,0
0,122331,0
0,375356,0
0,391757,0
0,328429,0
0,30665,0
0,245913,27312
0,82819,0
12000000,75198,0
0,51334,0
0,94659,0
0,117472,0
0,117767,0
0,44688,0
0,132133,0
0,105136,0
0,329750,0
0,395883,0
4000000,84228,0
0,270650,0
2023920,366564,0
0,356332,0
0,157515,0
0,103578,0
0,230471,0
0,150912,0
0,281238,0
0,145244,0
0,87335,0
0,205557,0
0,61581,0
0,389427,0
0,144341,0
0,147575,0
0,150224,0
144000000,43074,229147509
0,52947,0
0,339739,0
20000000,61294,0
0,30942,0
0,32003,0
0,353610,0
0,350566,0
0,206657,0
0,287703,0
0,284152,0
5000,25625,0
0,168098,1133031
0,356334,0
0,28529,0
0,300210,0
0,112767,0
0,131172,0
0,377150,0
0,244839,0
0,216521,0
0,170898,0
0,25079,0
0,80699,0
0,130638,0
0,363889,0
0,355598,0
0,323372,0
0,370687,0
0,373476,187145
0,300761,0
0,41312,0
0,258755,0
0,28775,0
0,217057,0
0,327040,0
0,34202,0
0,401895,0
0,397003,0
0,138705,0
0,150208,0
0,61123,0
0,80256,0
0,41454,0
0,381080,0
0,297721,0
0,359790,0
0,51806,0
2004384,343724,0
0,392961,0
0,35429,0
0,73307,0
0,380225,0
0,229154,0
996519,226437,0
0,258322,5260000
0,324181,0
0,63398,0
0,4948,0
0,51444,0
0,31453,0
0,52199,0
0,30667,0
0,133563,0
0,213373,0
0,169357,0
0,206789,0
0,345735,0
0,397517,0
0,185738,0
0,168814,0
0,266279,0
0,40946,0
0,55424,0
0,175331,0
50000000,302699,216972543
0,72152,0
0,94798,0
0,139582,0
0,14751,0
0,53284,0
0,63006,0
0,379275,0
0,305309,0
0,377462,0
0,399747,0
0,89662,0
0,216546,0
0,86971,0
5980000,398535,14900000
0,202244,0
0,68078,0
0,266541,0
0,50125,0
0,400174,0
0,324421,0
0,34216,0
0,39048,0
0,57880,0
0,115893,97
0,101024,0
0,66834,0
0,67572,0
0,210910,0
0,30948,0
0,24921,0
0,94811,0
1600000,376263,0
5000000,35891,0
0,95700,0
0,376237,0
0,175171,0
0,178927,0
0,103668,0
0,285953,0
0,84831,0
0,334670,0
0,335430,0
0,57458,0
0,267192,5681622
0,110490,0
0,278935,0
0,183855,0
0,48502,170000
0,199883,0
0,146905,0
0,50489,0
0,377210,0
0,70461,0
0,355786,0
0,68309,0
0,267977,0
0,401442,0
0,400605,0
349999,46548,0
0,70859,0
0,76474,0
5069632,377213,4817642
120000000,324668,415484914
0,278348,0
0,289207,0
0,192097,0
0,53283,0
0,35687,0
0,54142,0
0,126318,0
0,15975,0
0,56897,0
0,172817,0
3700000,323426,0
0,68256,0
0,85043,0
0,202984,0
0,324820,0
0,337965,0
0,360606,0
0,92691,0
0,98106,0
0,71503,0
0,61689,0
0,79192,0
0,238124,0
0,197864,0
0,253337,0
0,384450,0
0,263945,0
0,40741,0
0,90351,0
0,10458,0
0,60971,0
0,390592,0
0,274266,0
0,131737,0
0,30787,0
0,51066,0
0,14685,0
12500000,312113,0
0,355254,0
521873,393562,1013926
0,352179,0
0,392553,0
0,338063,0
180000000,258489,356743061
10000000,316727,118587880
33000000,316023,77068246
105000000,278154,408579038
4900000,345911,148868835
65000000,294272,143695338
0,388191,0
0,328716,0
0,367053,0
10000000,333386,4500
0,254575,0
0,243752,0
0,367197,0
0,177869,0
0,369776,0
0,40451,0
1000000,89904,0
0,55035,0
0,12529,0
0,9031,0
0,259634,0
0,46572,0
0,315439,0
0,302161,0
0,340611,0
0,337874,23020
0,267852,0
5000000,53010,0
0,214209,0
0,353571,0
0,369228,0
0,367999,0
0,356758,0
0,371942,0
0,359156,0
0,359152,0
0,343173,0
0,390512,0
0,27123,0
0,332741,0
15000000,359412,0
0,319352,0
0,317214,0
0,33201,0
0,340937,0
0,309882,0
0,58430,0
0,230722,0
0,369032,0
0,27243,0
85876,346641,0
0,324794,0
0,372411,37915971
0,53335,0
0,273645,0
0,399106,0
0,49341,0
0,269705,0
522360,324322,0
0,330068,0
75,209645,0
0,274504,13191
0,196324,0
0,341957,0
0,101206,0
0,31265,0
0,34875,0
0,395476,0
0,357529,0
0,94176,0
0,360283,0
0,400121,0
0,49237,0
0,398265,0
0,52593,0
0,35007,0
0,120885,0
0,130134,0
0,17342,0
0,193284,0
1200000,184710,0
0,380372,0
0,83876,0
0,102814,0
0,94544,0
0,174150,0
354000,262260,0
1220000,254664,0
0,137308,0
0,156967,0
0,156954,0
500000,66780,0
0,137826,0
0,262829,0
0,108063,0
0,41294,0
0,45192,0
0,64694,0
0,70193,0
0,66062,0
0,211222,0
0,266874,0
0,402877,0
0,24678,0
0,337703,921974
0,228941,0
0,81633,0
0,110412,0
2000000,394047,0
0,378441,0
0,120121,0
0,189696,0
0,196319,0
0,400411,252
0,376233,0
6000000,364051,0
0,349441,0
0,373479,0
0,373922,0
0,359641,0
0,357799,0
0,119637,0
0,354275,0
0,62675,0
0,384845,0
840000,394499,0
0,41004,0
0,145481,0
0,82776,0
0,41298,0
0,45191,0
0,18944,0
19000000,328387,85241496
8000000,389425,0
0,95322,0
0,46784,0
0,46781,0
2,272720,0
0,303497,0
0,303484,0
0,356862,0
0,356864,0
0,118014,0
0,49037,0
60000000,363676,238470033
0,371865,112481
0,377287,0
0,361571,0
0,392817,0
0,338189,0
0,378813,0
0,118430,0
0,101293,0
0,31128,0
0,76681,0
0,150273,0
0,22020,0
0,96129,0
0,275603,0
0,404022,0
1000000,385031,0
0,154441,1672940
10000000,93091,0
0,44510,0
10400000,376812,102000000
0,342213,591696
0,148615,0
0,389180,0
0,262542,0
0,16909,0
1900000,372297,5900000
0,126043,0
0,405621,0
0,103396,0
0,130957,0
500000,54893,0
0,98644,0
0,393834,0
0,366514,0
0,63989,0
0,328901,0
0,388862,0
500000,263416,0
0,150871,0
0,316268,0
0,293516,0
5455000,360249,0
0,28406,0
0,362765,0
0,368620,0
0,50186,0
0,362876,0
0,361249,0
0,4279,0
0,87081,20400
0,324300,0
4180000,15467,11000000
100000,349086,0
0,257026,0
0,41278,0
0,86320,0
0,86531,0
0,397278,0
0,67303,0
0,68895,0
0,314837,0
25000000,325789,15436808
0,26351,0
40000000,308266,86234523
0,316003,0
0,353216,0
0,82664,0
0,345054,0
0,400668,0
0,133736,0
0,227859,0
0,299751,0
0,55344,0
0,401387,0
0,390880,0
0,405388,0
0,292277,0
0,61348,0
0,368596,0
0,347981,0
0,331393,0
0,31385,0
0,376501,0
0,373453,0
6700000,351809,12118661
0,365997,0
0,382651,0
0,356201,0
0,392885,0
0,28073,0
0,175427,0
0,237799,0
0,40585,0
0,318052,0
0,254251,0
150000,98948,0
0,216043,0
0,88949,0
0,76468,0
500000,54821,0
0,215814,0
5000,22750,0
0,86254,0
0,43473,0
0,90726,0
0,139826,0
0,371738,0
0,166007,0
0,110692,0
0,134435,0
0,17288,0
0,8383,0
0,325240,0
0,112675,0
0,46879,0
0,162874,0
0,90164,0
0,316491,0
0,247354,0
0,260646,0
0,404829,0
0,298028,0
1000000,397873,0
4000000,403232,0
12000000,282024,0
0,42498,0
0,257006,0
0,367816,0
0,126140,0
0,347647,0
10,407036,0
0,46658,0
0,225776,0
4100000,76348,0
0,369033,0
0,159201,0
0,192868,0
0,159942,0
1200000,356626,0
0,253343,0
0,247845,0
0,332806,0
0,376426,0
0,373348,0
0,358430,0
0,314635,0
0,300949,0
0,353163,0
0,278247,0
0,374052,0
3500000,382322,3775000
0,125495,0
75000,173689,1200000
0,138061,0
0,174354,0
40000,303856,0
0,190163,0
0,156335,0
0,79596,0
0,50688,0
0,77864,0
0,42591,0
0,12602,0
0,42717,0
0,185752,0
0,109636,0
0,165644,0
0,101185,0
0,29924,0
0,387444,0
0,79106,0
0,108432,0
10000000,35165,0
0,165401,0
0,18560,0
0,24057,0
0,73772,0
0,38622,0
0,183073,0
0,76199,0
0,38494,0
0,161796,0
0,104185,0
0,27144,0
0,26921,0
0,352694,0
20000000,376659,183936074
12000000,338766,37589296
0,310888,0
0,373473,0
0,377587,0
0,48995,3142763
0,330070,0
0,390734,269980
8600000,383869,0
0,46744,0
0,47535,0
0,388192,0
0,404073,0
0,67617,0
0,397365,0
0,208173,0
0,190326,0
0,140423,0
0,347642,0
0,84275,0
0,393184,0
0,62592,0
0,140894,0
0,27154,0
0,207558,0
0,63423,0
9900000,300669,157100845
0,378570,0
0,333846,0
0,340224,0
0,288504,0
0,405653,0
5500000,403119,44235023
0,380762,0
0,370178,0
0,340712,19337
5000000,391995,13000000
0,63859,0
0,173385,0
0,113262,0
0,158741,0
0,82929,0
0,4288,0
0,266036,0
0,60700,0
0,407298,0
0,353732,0
0,388347,0
0,365709,0
0,106618,0
0,123628,0
0,120729,0
0,198491,0
0,154399,0
5,47034,135
500000,54583,0
13500000,368940,3342697
0,118195,0
0,338079,0
0,334304,0
0,340119,0
0,62009,0
0,54107,0
0,49855,0
0,408140,0
0,369605,0
0,378607,0
600000,228496,0
0,268893,0
0,261410,0
0,273318,0
0,273122,0
0,273127,0
0,314580,0
0,261409,0
0,273312,0
0,314601,0
0,273296,0
0,273302,0
0,273310,0
0,275136,0
0,273578,0
0,273309,0
0,273315,0
0,273149,0
0,275065,0
0,275130,0
0,275074,0
0,273205,0
0,335509,0
0,314420,0
0,293093,0
150000,180691,0
0,20846,0
0,43035,0
0,390584,0
0,358615,0
0,112699,0
0,86360,0
0,282040,0
0,32091,0
0,396395,0
0,40717,0
0,230058,0
0,168541,0
0,246381,0
0,168552,0
959300,199916,0
0,324277,0
0,390989,0
0,382079,0
9000000,376660,18803648
0,407789,0
0,50497,0
0,256885,0
0,268666,0
0,393367,0
0,302323,0
0,403130,0
0,82942,0
0,21452,0
0,28808,0
8000000,159550,0
0,404567,0
0,79163,2203
800000,309579,0
9000000,351339,4600000
13000000,309886,0
0,352695,0
12500000,366656,0
0,394632,0
9804690,337674,2341534
0,299780,0
0,254679,0
0,397520,0
2000000,399894,0
0,391477,0
0,64133,0
0,149026,0
0,258945,0
0,241396,0
0,56531,0
0,150084,0
0,292298,0
0,94502,0
0,50461,0
0,166610,0
0,329024,0
0,17376,0
0,77649,0
0,396269,0
120000,105506,130000
0,399097,0
566000,392554,0
0,65442,0
0,198057,0
24000,268956,0
350000,296472,0
0,141267,0
8820000,396535,2129768
0,138115,0
0,138118,0
0,136071,0
0,133879,0
0,24024,0
0,24025,0
0,229007,0
0,389614,0
0,231811,0
0,168056,0
0,168057,0
0,231812,0
0,210019,0
0,109020,0
0,185154,0
0,105848,0
0,105672,0
0,260883,0
0,147643,0
0,49635,0
9900000,368031,2400000
0,376579,0
0,356901,0
0,403593,0
0,26803,0
0,402446,0
0,336455,551760
0,407389,0
0,384111,0
0,256916,0
0,31111,0
0,336265,0
0,306966,0
0,184799,0
0,149320,0
0,57666,0
0,183889,0
0,177474,0
800000,391088,0
0,41125,0
0,373471,0
0,118490,0
0,375384,0
0,403173,0
0,262755,0
0,32013,0
0,319998,0
0,32556,0
0,79644,0
0,402042,0
0,180859,0
0,238475,0
0,179573,0
0,35297,0
0,5856,0
0,182583,0
0,66623,0
0,190967,0
0,142093,0
0,118946,0
0,80670,0
0,99758,0
0,47397,0
0,92391,0
0,25356,0
0,57733,0
0,68551,0
25000,56296,0
0,49261,0
0,17144,0
0,27391,0
2600000,34989,0
0,20782,0
835000,61999,0
0,59317,0
0,48837,0
0,41203,0
45,35733,0
0,35730,0
0,35731,0
0,55774,0
0,93685,0
0,65626,123182
0,46927,0
0,27595,0
2500000,22745,0
0,41182,0
560,132765,0
0,347757,0
0,248781,0
0,123858,0
0,310602,0
0,211505,0
0,362736,0
0,300402,0
0,381767,0
0,161915,0
0,50181,0
40000000,278924,125729635
0,26911,0
0,374471,0
0,86096,0
0,57395,0
0,355998,0
0,42084,0
0,369019,0
0,199929,0
0,376482,0
35000000,332285,0
0,294795,0
90000000,333484,162360636
0,225534,0
0,405325,0
3000000,407375,0
0,407455,0
0,266400,0
0,401123,0
0,56552,0
0,42560,0
0,319092,0
0,404117,0
0,377516,0
0,129006,0
0,20583,0
0,30975,0
0,49857,0
0,21636,0
0,25182,0
0,81450,0
0,87311,0
15000000,32147,3360800
32000000,270774,58500000
0,33317,0
0,144421,0
0,29890,0
0,99313,0
0,207413,0
0,380856,0
0,308174,0
0,407613,0
4000000,376867,65046687
4531653,271706,84552250
5210000,348668,5900000
0,322903,0
4,19723,0
2000000,71559,0
0,87343,0
0,82686,0
0,267497,0
0,267506,0
0,260916,0
0,69870,0
0,82405,0
0,134390,0
0,389868,0
0,294047,0
0,36926,0
0,138543,0
7000000,228034,0
0,381044,0
3000000,330982,0
0,358332,0
0,77660,0
0,88558,0
0,26945,0
0,91921,0
0,381356,0
25000000,213681,29200000
0,347763,0
0,63959,0
0,21837,0
0,332212,0
200000,393841,5500000
0,36375,0
0,85814,0
0,172104,0
0,68139,0
0,376651,0
0,300596,0
0,247773,0
0,248694,0
0,376581,0
1000000,392572,0
0,340213,0
0,342562,0
0,44902,0
0,232860,0
0,404141,0
0,176568,0
0,126402,0
0,336220,0
0,324345,0
0,347751,0
60000000,313297,69929545
0,358243,0
0,164580,0
0,381255,0
0,274902,0
35000000,95610,211952420
20000000,283552,25956113
8000000,377264,8810591
15000000,317557,10367161
110000000,296524,121790373
110000000,283366,296485719
45000000,346685,173185859
8500000,369883,19985196
44000000,302946,155160045
0,339927,0
0,343010,0
0,8893,0
0,292948,0
0,181553,0
0,380879,0
0,376847,0
0,381418,0
0,296865,0
0,394051,0
0,379887,0
980000,298721,0
0,382399,53447
0,247414,0
0,385962,0
0,394170,0
0,39061,0
0,286239,0
0,391629,0
3000000,317930,0
0,373200,0
0,393441,0
0,400247,0
5000000,347126,23507567
0,294221,0
0,391779,0
18700000,366080,74000000
0,390437,0
38000000,406429,0
15050000,402672,16180000
0,260240,0
0,407887,0
0,358505,0
0,384641,0
0,384573,0
0,137072,0
0,206328,0
0,41844,0
0,110130,0
0,378195,0
50663,72640,0
0,342588,0
0,225038,0
0,146893,0
0,346564,0
8138338,368942,1864266
0,407518,0
0,331583,0
4000000,348677,0
0,267800,0
0,340485,1751330
0,409676,0
838403,139521,0
0,411711,0
0,245622,0
0,231020,0
0,403936,0
0,297399,0
0,262786,0
0,231145,0
0,370664,0
0,27605,0
0,267590,0
0,49199,0
0,378450,0
0,261872,0
0,374003,0
0,21799,0
0,78715,0
0,86970,0
0,218408,0
0,63877,0
0,42944,0
0,53245,0
0,52925,0
0,100490,0
0,267802,0
0,258026,0
0,237506,0
0,15959,0
0,202764,0
0,47234,0
0,64961,0
0,75452,0
3250000,2324,32788
0,374617,35000
0,361069,0
0,378503,0
0,383064,0
0,278738,0
0,205361,0
0,339792,0
0,44749,0
0,28340,0
0,39449,0
0,37020,0
0,270851,0
0,86713,0
0,61686,0
0,47325,0
0,134908,0
0,186372,0
0,261581,0
0,407897,0
0,36918,0
0,375950,0
0,383559,0
0,305956,0
0,74199,0
0,369443,0
4330000,140380,0
0,381034,0
0,247488,0
0,407048,0
0,144105,0
0,287603,0
0,48250,0
0,279842,0
0,142966,0
0,347105,0
0,336736,0
0,33495,0
0,246829,0
0,239783,0
0,77137,0
0,77147,0
110,46028,0
0,58773,0
0,41583,0
0,124202,0
0,73755,0
0,38289,0
0,42290,0
0,45037,0
0,287982,0
0,363969,0
0,125926,0
0,105734,0
0,139195,0
0,162818,0
0,197528,0
0,128900,0
0,119769,0
0,228432,0
0,136238,0
0,34527,0
0,125882,0
0,22615,0
0,57500,0
0,78098,0
0,32034,0
0,253817,0
0,222454,0
0,357786,0
0,55426,0
0,55431,0
0,55430,0
0,55435,0
0,55437,0
0,55438,0
0,225745,0
0,40627,0
0,20072,0
0,357390,0
0,296917,0
0,412214,0
0,357837,0
800000,316784,0
0,98370,0
1000000,33714,404785
0,287623,0
0,135990,0
20000000,184341,0
0,280416,0
0,410576,0
0,65755,0
0,238204,0
0,407965,0
0,358807,0
0,352890,0
0,59858,0
0,310442,0
0,360321,0
0,356757,0
0,316074,0
0,333367,0
0,273080,0
0,43701,0
0,290290,0
0,174552,0
0,360809,0
0,197446,0
0,344906,0
0,115929,0
0,366324,0
15000000,315011,77000000
0,174895,0
0,132030,0
0,394223,0
0,402331,0
0,52954,0
7000000,412678,0
0,412519,0
0,36161,0
0,164990,0
0,40790,0
0,351242,0
0,291351,0
500000,54837,0
0,270251,0
0,16257,0
0,320037,0
0,63186,0
0,36163,0
0,94055,0
0,352492,0
0,199644,0
1100000,369202,0
0,302818,0
0,395985,0
5000000,51822,0
0,85483,0
0,372058,355298270
0,361705,0
0,373397,0
0,63700,0
0,206260,0
0,97513,0
0,398633,0
0,62726,0
0,66824,0
0,173662,0
2115000,110669,2039000
0,172259,0
0,34219,0
0,50717,0
0,89068,0
0,15611,0
0,380734,0
0,41025,0
0,288503,0
350000,27696,0
0,175587,0
100000,180095,0
0,265314,0
0,253277,0
0,111312,0
0,97995,0
0,398137,0
0,89984,0
0,44173,0
0,85196,0
2,116514,0
0,119374,0
0,44328,0
0,171346,0
0,188001,0
0,44868,0
0,413232,0
0,413235,0
0,372640,0
0,295621,0
0,382873,0
0,377852,0
0,298662,0
0,20413,0
0,318277,0
0,314404,0
0,169355,0
0,111582,0
0,108220,0
0,96700,0
0,128669,0
0,74130,0
0,113841,0
0,285400,0
0,43500,0
0,85840,0
0,46014,0
0,364690,0
0,111031,0
0,252853,0
0,22240,0
0,22623,0
0,36162,0
0,40235,0
0,375573,0
0,336212,0
0,114499,0
0,111326,0
0,114503,0
0,102743,0
0,189888,0
0,278041,0
0,381691,230000
0,130062,0
0,410965,0
0,189291,0
0,103218,0
0,60067,0
0,108437,0
0,64386,0
0,63269,0
0,198518,0
0,105693,0
0,113629,0
0,214041,0
0,187744,0
0,80441,0
0,225940,0
0,180680,0
0,46040,0
0,75896,0
0,26153,0
0,147767,126
0,356191,0
0,58051,0
0,399814,0
0,69775,0
0,168114,0
2200000,351037,0
0,411802,0
0,188489,0
25000000,245692,0
0,52046,0
0,152625,0
0,210737,0
0,411822,0
0,365339,0
0,352582,0
0,390497,0
0,175597,0
10000000,58365,0
0,381069,0
0,47699,0
0,340487,1130466
0,392807,0
762241,377273,285930
0,259246,0
0,37202,0
0,73690,0
0,275771,0
0,333127,0
0,333126,0
0,296193,0
0,329690,0
0,334461,0
0,390782,0
0,30858,0
0,413430,3
0,218993,0
6229577,363841,0
0,87788,0
0,347033,1605463
80000,273856,0
0,350839,0
0,341106,0
0,254323,0
500000,410537,0
0,394668,0
0,209103,0
700000,388256,0
3200000,401294,0
1000000,329556,0
0,129418,0
0,248513,0
0,414173,0
0,413765,0
0,386501,0
1500000,384021,0
0,320873,0
0,192178,0
500000,388273,0
7500000,36046,3347647
6500000,14631,2025032
6500000,32523,1325092
2000000,48382,1672730
200000,321530,0
0,282996,0
0,406231,0
0,220809,0
0,79640,0
0,196446,0
0,414382,0
0,279068,0
0,401650,0
0,360205,0
40000000,324786,175302354
0,317903,0
0,362430,0
0,408546,0
0,18825,0
0,64109,0
0,133569,0
0,371449,93000
0,414632,0
0,178385,0
0,325428,0
0,67255,0
0,78163,0
0,45554,0
0,178382,0
0,137381,0
0,406052,0
0,259719,0
0,35698,0
0,93891,0
0,164120,0
0,395479,0
0,88535,0
130000,91088,0
0,334175,0
0,244971,0
0,414827,0
0,250388,0
0,395925,0
0,65839,1110566
0,127236,0
0,3479,0
0,10841,0
0,321142,0
0,196469,0
0,56709,0
0,77946,0
0,60085,0
0,43422,0
0,197725,0
0,245003,0
0,105325,0
0,352812,0
0,73074,0
0,338544,0
0,392091,0
4000000,364615,0
0,370978,0
0,55156,0
0,352164,0
0,255346,0
0,345661,0
0,262775,0
0,113693,0
0,406970,0
0,373889,0
0,409696,0
0,76475,0
0,149459,0
0,179272,0
0,97584,0
0,47155,0
0,264729,0
0,253336,0
0,62392,0
0,79964,0
0,41591,0
0,336307,0
0,88528,0
2791874,393729,0
40000000,340945,0
3100000,408194,0
0,59053,0
0,412660,0
0,155706,0
0,381066,0
0,333372,0
0,101566,0
0,212508,0
40000000,293767,30930984
1200000,405203,0
5000000,351211,45172994
0,381018,0
3800000,325346,1016985
0,304030,0
0,308704,0
0,103215,0
0,391698,0
17000000,308529,0
0,337641,0
0,354859,0
0,362293,0
9000000,339419,8996802
0,47413,0
0,416124,0
0,346134,0
0,27620,0
0,63762,54058
0,339405,0
0,151436,0
0,127369,0
0,381058,0
1500000,284564,779820
0,414749,0
0,410199,0
0,333678,0
0,333375,0
1000000,69696,0
0,410876,0
0,56391,0
0,162512,0
0,138730,0
0,405040,0
2000000,56109,0
0,355066,0
0,24007,0
0,46149,0
0,162899,0
0,40653,0
0,191595,0
0,106394,0
0,377151,0
0,405265,0
0,385654,0
0,359870,0
9500000,329718,0
0,231762,0
0,25114,0
0,39123,0
0,86462,0
0,355771,0
0,190681,0
0,329639,0
0,52457,0
0,29233,0
0,29020,0
0,394412,0
0,390669,0
0,412093,0
0,352199,0
0,375167,0
0,393857,0
0,365707,0
0,28659,0
0,383914,0
0,104285,0
0,124198,0
0,81537,0
0,52247,0
0,366864,0
0,347762,0
0,324174,0
0,381028,0
0,241928,0
10300000,376166,47748
0,35701,0
0,329802,0
0,347666,0
0,39922,0
0,81477,0
0,413806,0
0,40216,0
0,72733,0
0,18486,0
455000,357540,0
13000000,340677,0
0,27370,0
0,403642,0
0,17244,0
0,382892,0
0,62852,0
0,61528,0
0,43719,0
0,360389,0
0,21481,0
0,63809,0
0,404461,0
0,122794,0
0,296867,0
0,374464,0
43000000,258230,46652768
0,227266,0
47000000,329865,203388186
56000,414547,0
0,40217,0
0,14907,0
0,391618,0
10000,390353,0
0,378379,0
7000000,58443,0
0,382143,0
0,223046,0
70000000,332210,182379278
0,29570,0
0,374671,0
0,413011,0
0,191536,0
0,106070,0
2400000,47177,0
0,393134,0
0,170967,0
0,413017,0
0,399621,0
0,339116,0
0,382511,0
0,91045,0
0,57924,0
0,24799,0
1488410,374452,0
0,392812,0
0,75004,0
0,132712,0
0,161908,0
0,98277,0
0,132608,0
0,73160,0
0,103785,0
0,38156,0
0,70666,0
0,158921,0
0,409536,0
0,376228,0
0,218850,0
0,416867,0
0,197772,0
0,251619,0
0,79779,0
0,1609,0
0,200119,0
0,325385,0
0,336776,0
0,311215,0
0,250278,0
0,68972,0
0,286313,0
0,125276,0
0,244331,0
0,73306,0
0,34745,0
1500000,418072,0
250000,182548,0
0,60504,0
0,268853,0
0,73823,0
0,52204,0
0,42793,0
0,62722,0
0,44805,0
0,403434,0
5005600,375366,0
0,408537,0
4600000,57278,0
0,245627,0
0,298583,0
0,388764,0
482910,124501,0
0,389396,0
0,399300,0
0,276624,0
50000000,377447,102205175
0,408620,0
0,410729,0
0,379300,0
32000000,413198,0
0,411268,88658655
8000000,393559,292279
500,387845,500
0,334930,0
0,380007,0
0,180132,0
0,42782,0
0,72309,0
0,212967,0
0,173739,0
0,412518,0
0,414276,0
0,67102,0
0,20949,0
0,255573,0
0,293721,0
0,384664,0
0,60759,0
0,42938,0
0,142770,0
0,135286,0
0,405627,0
0,366885,0
0,291680,0
0,339079,0
0,401971,0
0,324307,0
500000,416086,0
0,241885,0
0,142533,0
0,112283,0
0,228687,0
0,48508,0
0,211029,0
0,391486,0
0,345924,0
0,292022,0
1509896,321779,0
0,411009,0
1900000,295886,0
0,253154,0
45000000,402529,0
0,159432,0
0,410455,0
0,160821,0
0,175791,0
0,295832,0
0,363757,0
0,333884,0
0,53805,0
0,414719,0
0,130885,0
0,285398,0
0,411442,0
0,61187,0
0,45505,0
0,321497,0
0,378087,0
0,356189,0
0,359483,0
0,343227,0
0,117592,0
0,162686,0
0,413834,0
0,375794,0
0,385736,0
1000000,376453,0
0,418979,0
0,24043,0
0,85163,0
0,161969,0
0,22455,0
0,196789,0
0,169091,0
0,326250,0
0,351232,0
0,148558,0
550000,388243,0
12823507,376565,6101904
0,322455,0
0,382170,0
0,84195,0
0,377492,0
1200000,411638,0
0,241639,0
0,280030,0
0,392820,0
0,384036,0
0,396899,0
0,414642,0
0,410936,0
0,336055,0
0,390376,0
0,370203,0
0,185564,0
0,352917,0
0,402612,0
0,363383,0
0,29211,0
0,412437,0
0,414771,0
0,410142,0
1300000,395560,0
0,381046,0
0,356335,0
2000000,311146,0
0,49760,0
0,393939,0
0,55504,0
0,367544,0
0,317120,0
0,367538,0
0,212762,0
0,355730,0
0,361261,0
0,338485,0
0,392629,0
0,37609,0
0,245473,0
0,325189,0
0,400190,0
0,379992,0
0,32293,0
0,16236,0
0,178682,0
0,393659,0
0,407334,0
0,407171,0
0,143563,0
0,65256,0
0,88920,0
0,379990,0
0,377431,0
0,344123,0
0,393656,0
0,396394,0
0,27074,0
0,289225,0
0,5764,0
0,343369,0
1000000,383256,0
0,324264,0
0,308686,0
0,391934,0
0,64183,0
0,354832,0
0,295656,0
0,21780,0
0,366017,0
0,144785,0
0,231617,0
600000,396289,0
0,414762,0
0,49350,0
0,157449,0
0,381063,0
0,119372,0
0,243984,0
0,68044,1369280
0,129277,0
0,153133,0
0,63710,0
0,244182,0
0,339967,3021345
0,390296,0
0,39751,0
0,57309,0
0,36113,0
0,358808,0
0,371181,0
0,145132,0
0,41281,37895
0,105768,0
0,38048,0
0,65900,0
0,271033,0
0,116494,0
6800000,25778,0
0,18182,0
0,25786,0
0,24886,0
0,239033,0
0,281506,0
0,37453,0
0,34075,0
0,79737,0
0,407655,0
0,34092,0
0,39772,0
0,35840,0
0,24862,0
0,410634,0
3800000,402193,0
0,382563,0
0,300605,0
0,89825,0
0,229254,0
0,408508,0
0,230232,0
0,359373,0
0,86822,0
0,241999,0
30000000,313369,445435700
0,56413,0
0,155191,0
0,407806,0
0,318184,0
0,53216,0
0,40470,0
0,70278,0
0,145316,0
0,334517,0
0,401861,0
0,377154,0
0,227261,0
5000000,300672,0
0,379779,0
0,404459,0
0,292834,0
0,348315,0
0,375315,2402067
0,322476,0
0,294651,0
300000,70554,0
0,355111,0
0,377897,0
0,68529,0
0,43776,0
0,47562,0
0,116327,0
0,84711,0
0,403429,0
0,223680,0
0,58473,0
85000000,369885,119520023
2700000,340103,0
0,241763,0
0,12631,0
0,50855,0
0,125958,0
0,55602,0
0,381045,0
0,76533,0
0,36542,0
0,45692,0
0,254241,0
0,262848,0
0,102242,0
70000,97784,0
0,158811,0
0,413441,0
0,283521,0
0,415766,0
0,412851,0
0,20784,0
0,194757,0
0,148753,0
0,142918,0
0,126820,0
0,417877,0
0,331642,0
0,394822,0
0,100179,0
0,54418,0
0,15282,0
0,97716,0
3500000,411736,0
0,324560,0
0,416390,0
0,35826,0
0,149213,0
75000000,207932,220021259
40000000,331313,29918745
9000000,335796,81705746
0,119914,0
0,72701,0
0,86172,0
0,381040,0
0,419147,0
20000000,368993,0
0,18739,0
0,418772,0
0,410126,0
2494400,364410,0
0,389972,0
0,82406,0
0,72857,0
0,21194,0
0,406992,0
125000000,136799,346864462
0,376389,0
0,81583,0
0,319093,0
40000,27476,0
0,300424,0
0,417026,0
0,198795,0
0,255885,0
0,413337,0
0,329697,0
0,105702,0
0,27443,0
0,333099,0
1446950,279966,0
1,267931,0
0,356895,0
0,258631,0
0,301334,23275
0,145959,0
0,85200,0
0,27462,0
0,104044,0
0,67390,0
0,81463,161362
0,68482,0
0,55996,0
0,29638,0
0,188836,0
0,378918,0
0,81672,0
0,26334,0
2100000,86707,0
0,384683,0
4000000,374515,0
0,414610,0
10000000,286567,6272403
6500000,42078,0
0,377276,0
0,99896,0
750000,376004,0
0,99536,0
0,386100,0
0,69484,0
0,381073,0
0,414067,0
0,412924,226286
0,28425,0
0,292510,0
0,52949,0
0,285814,0
0,42100,0
0,159538,0
0,97128,0
0,369567,0
0,359805,0
0,417028,0
0,402543,0
0,30768,0
0,299590,0
0,413440,0
0,237709,0
0,30351,0
3800000,398891,0
0,150657,0
0,412974,0
0,414767,0
0,251630,0
0,310417,0
0,370765,0
0,343858,0
0,330161,0
0,348631,0
0,243987,0
0,403330,0
0,290100,0
2000000,420703,0
0,385737,0
0,332742,0
0,360284,0
10000000,402298,4073489
75000,422127,0
0,377448,0
0,164134,0
60000000,343611,162146076
0,316021,9188
0,415078,0
0,291356,53647
0,109841,0
0,121111,0
0,421958,0
0,333072,0
1000000,269057,0
15000000,385722,0
0,258809,0
0,346388,0
0,348320,0
0,87035,0
0,315252,0
0,258113,0
0,405763,0
0,111457,0
0,81420,0
0,120055,0
0,74491,0
0,114108,0
0,247158,0
0,61736,0
0,22579,0
0,263260,0
2000000,419771,0
0,405656,0
0,339894,0
0,421281,0
0,366887,0
0,421619,0
0,365267,0
0,366696,0
0,187790,0
0,13626,0
0,326285,0
0,422514,0
0,43022,0
0,44787,0
0,179057,0
0,282225,0
0,218299,0
0,72394,0
0,114471,0
0,50699,0
0,421854,0
0,333318,0
0,392058,0
0,413770,0
0,360029,0
0,339152,0
0,352094,0
0,55739,0
0,51443,0
0,26987,0
8000000,374461,0
0,187276,0
4500000,57843,0
0,79871,0
0,204051,0
0,278544,0
0,336216,0
0,102870,0
0,410718,0
0,29136,0
0,59762,0
0,46718,0
0,397514,0
0,421851,0
0,113649,0
0,381737,0
0,61722,0
0,111118,0
9000000,334541,75026965
12000000,334543,140302754
0,345918,0
0,374440,0
0,370382,0
0,283792,0
0,164827,0
0,185111,0
0,296344,0
0,300321,0
0,407799,0
0,294409,0
0,403450,0
0,39340,0
0,42123,0
0,415214,173000000
0,48601,0
0,42872,0
0,107443,0
0,306383,0
0,230628,0
0,101665,0
0,407559,0
0,397243,5972942
0,402536,0
0,64501,0
0,117337,0
0,402370,0
0,319096,0
0,366269,0
0,74593,0
0,16143,0
0,145963,0
0,27953,10161213
0,139272,0
0,419639,0
0,41725,0
0,413279,0
0,353728,33962
0,340684,0
26000000,338964,17782178
0,291413,0
1500000,302042,0
0,270007,0
0,105121,0
0,40070,0
0,345888,0
0,159469,0
0,168647,0
0,419330,0
0,413471,0
0,413361,0
0,355065,148461
0,289180,0
0,348896,0
0,409160,0
17000000,340402,42487325
0,340223,0
0,208039,0
126000,50317,0
0,117038,0
0,85125,0
0,111103,0
0,360292,0
0,13943,0
0,359151,0
0,281713,0
0,386743,0
0,336380,0
0,423525,0
0,112119,0
0,393445,0
0,333665,0
0,337550,0
0,189225,0
0,420511,0
0,385372,0
0,417936,0
0,48406,0
0,87628,0
1600000,358353,0
0,243599,0
0,51349,0
0,189682,0
0,56143,0
0,203901,0
0,199206,0
0,352334,0
0,173873,0
0,261102,0
0,130507,0
0,80850,0
0,326045,0
0,45057,0
0,195405,0
0,63681,0
0,34231,0
0,26776,0
0,81178,0
0,86207,0
0,350846,0
0,415542,0
0,411025,0
0,369769,0
0,390422,0
0,276833,0
0,253980,0
0,3144,0
0,340484,0
0,376386,0
0,393561,0
0,373480,0
0,376257,0
0,376234,0
0,376387,0
0,376534,0
0,10614,0
0,281987,0
500000,76122,0
0,138611,0
0,299969,0
0,259910,0
220093,393629,0
0,350060,0
0,16766,47636016
0,358924,0
0,362579,0
0,336271,0
0,396004,0
0,208327,0
4000000,394684,0
5000000,361777,2387127
0,393158,0
0,417406,0
0,393407,0
0,375082,0
0,336445,0
1949120,34836,0
0,406042,0
0,79431,0
0,361758,0
0,363611,0
0,376538,0
0,376543,0
0,376548,0
0,376553,0
0,200549,0
0,393603,0
0,83865,0
0,250895,18315000
0,370545,9409000
0,411023,0
0,277296,0
36000000,345920,87416021
0,352498,0
35055,109301,0
0,82916,0
40000000,339396,0
0,317938,0
0,358725,0
0,76964,0
0,346723,0
4000000,33065,1730000
4500000,33534,3468423
0,109176,0
0,323673,0
36501,419546,0
0,57664,0
0,4462,0
0,164504,0
0,43380,0
12156348,392142,7900000
0,276562,0
0,423681,0
0,322548,0
0,421725,0
0,393764,0
0,51953,0
0,354979,0
0,408619,0
0,367412,0
0,210306,0
0,148318,0
0,365323,0
0,220124,0
0,932,0
0,41914,0
0,355338,0
2500000,40026,0
0,51592,0
0,99330,0
0,223391,0
0,245597,0
0,411039,0
0,300438,0
0,134705,0
0,94894,0
0,38625,0
0,315955,0
0,205939,0
0,249703,0
0,37432,0
0,18517,0
0,18424,0
0,408270,0
0,42885,0
0,30614,0
0,387801,0
2300000,400387,0
0,327175,0
0,80301,0
14000000,347026,13819139
0,413588,0
0,345725,0
0,408267,0
30000,81400,0
0,140541,0
0,303680,0
0,220447,0
0,254011,0
0,146724,0
0,202220,0
0,214629,0
0,47778,0
0,324013,0
0,46975,0
100000,424182,0
0,77304,0
0,367732,0
0,158900,0
0,408151,0
0,416261,0
0,313371,0
0,375345,0
0,410259,0
0,240723,0
0,167012,0
0,279229,0
0,316015,0
0,203539,0
0,226001,0
0,266568,0
0,410314,0
0,410774,0
0,149786,0
0,216647,0
0,51959,0
0,313896,0
0,374319,0
0,279558,0
0,268712,0
0,374247,0
0,6103,0
10000000,329981,13082071
873000,30374,0
0,352186,0
0,407172,0
0,50835,0
0,308423,0
0,362610,0
0,387558,0
0,167644,0
0,59853,0
0,73077,0
0,41599,0
0,150065,0
0,49927,0
0,129383,0
0,383788,0
10000000,413452,0
21363000,332794,0
0,401061,0
0,419289,0
0,378064,19606617
0,262831,0
0,364111,0
0,34577,0
0,19961,0
0,181456,0
0,369336,0
0,395763,0
0,383807,0
0,402693,0
0,41619,0
0,63244,0
0,40690,0
0,102622,0
0,61903,0
0,148766,0
0,131074,0
0,71984,0
0,53598,0
0,198227,0
0,22689,0
0,175983,0
0,125578,0
0,254047,0
0,128104,0
0,64965,0
0,396232,0
0,378480,0
0,393961,0
0,380699,0
0,76010,0
0,87561,0
0,381685,0
0,403911,0
70000,29066,0
0,200655,0
2500000,299641,230069
0,84672,0
0,376502,0
0,241206,0
0,104989,0
0,64428,0
0,396744,0
0,361251,0
0,394224,0
0,97340,0
0,130402,0
0,413764,0
0,39395,0
0,333516,0
0,128250,0
0,106887,0
0,328416,0
0,340616,0
0,396330,0
0,72826,0
0,113119,0
150000000,277834,643034466
1250000,354421,0
0,41973,0
0,276578,0
0,27211,0
0,345470,0
0,419471,0
0,355506,0
0,421313,0
0,140491,0
0,26370,0
9000000,376866,13960394
0,74493,0
0,52254,0
45000000,384682,114501299
5000,363093,11083449
0,252874,0
0,105711,0
0,88065,0
0,128111,0
2000000,102871,0
0,71543,0
135000,44010,10474
0,112033,0
0,86821,0
0,201365,0
0,233383,0
0,46612,0
0,346443,0
0,95046,0
0,62439,0
30000000,365942,14793385
200000000,330459,1056057273
0,353979,0
108000000,259695,22678555
9000000,381288,276921998
0,382653,0
0,381043,0
0,311764,0
0,384673,0
0,305943,0
0,426576,0
0,54539,0
0,309929,0
0,170279,0
35000000,346672,81093313
0,85672,0
0,427342,0
0,287281,0
0,37708,0
13000000,376290,3500605
0,373442,0
25000000,291328,3885342
346500,210234,0
11178,121173,34659
0,148479,0
0,346347,0
0,414977,0
0,31245,0
450000,422603,2300000
0,402217,0
0,411279,0
600000,411054,0
1500000,398786,0
300000,381374,2500000
0,3159,0
0,27395,0
0,92779,0
0,124902,0
0,67276,0
200,48784,0
0,105829,0
0,79145,0
0,386827,0
0,217428,0
0,75450,0
0,25021,0
0,74302,0
0,42496,0
110000000,274870,303144152
0,78174,0
0,296633,0
0,116323,0
25000000,381284,230698791
0,297298,0
0,371153,0
0,140485,0
0,378435,0
0,425498,0
0,359246,0
0,347127,0
0,412698,0
230000,262474,0
0,426634,0
0,126816,0
0,77862,0
0,57739,0
0,161808,0
0,223551,0
0,45017,0
0,272072,0
0,137619,0
204956,26872,0
0,139434,0
0,139929,0
24000000,393457,64414761
0,111261,0
0,36833,0
0,16359,0
1000000,408203,0
0,210052,0
0,344039,0
6000000,332979,6174491
0,187897,0
0,424889,0
0,80961,0
0,217672,0
0,215736,0
0,21752,0
0,144464,0
0,404762,0
1000000,180371,0
0,80809,0
0,381041,0
2000000,413052,0
0,371446,0
0,362974,0
0,154922,0
0,314946,0
3000000,52939,19010585
0,124277,0
0,228384,0
0,11603,0
0,226686,0
0,320413,0
0,96468,0
0,263412,0
0,108501,0
0,60254,0
7000000,342737,5816211
0,425553,0
0,227667,0
0,422874,0
0,412329,0
0,225525,0
0,426903,0
0,406785,0
0,214938,0
0,136058,0
0,229638,0
0,160261,0
0,198176,0
0,418693,0
0,394423,0
0,418691,0
0,217763,0
0,210653,0
0,244201,0
0,412213,0
0,406431,0
0,389044,0
0,345727,0
0,230031,0
0,362884,0
0,64191,0
0,185644,0
0,200035,0
2500000,53035,0
0,100829,0
0,138014,0
0,33127,0
0,105561,0
0,206397,0
0,123279,0
0,65345,0
0,275355,0
0,88496,0
0,103181,0
0,17712,0
0,34516,0
0,26016,0
0,393731,0
0,362226,0
0,257487,0
0,403357,0
150000000,311324,331957105
0,283146,0
0,56486,0
0,99004,0
0,401593,0
0,85944,0
0,347870,0
0,429126,0
0,401060,0
0,413417,0
0,352490,0
0,320293,0
25000000,310307,23964782
0,89463,0
0,136921,0
0,36123,0
0,59046,0
0,409447,0
0,332746,0
0,59356,0
0,59357,0
0,301849,0
0,188521,0
0,20089,0
0,380620,0
0,115877,0
0,47121,302553
0,111708,312010
0,115909,0
0,98596,1334173
0,115903,646714
0,114051,680224
0,115894,631083
0,80296,0
0,29338,0
0,29333,0
0,29336,0
0,105093,0
38000000,356305,118034273
0,229065,0
0,249931,0
0,49754,0
0,75604,0
0,137669,0
0,411201,0
0,422469,0
75000000,335797,632443719
4300000,413543,3376375
0,413547,0
0,44746,0
0,297814,0
0,1608,0
0,203059,0
0,365544,0
0,248946,0
0,110549,0
0,290911,0
0,298522,0
0,323690,0
0,38610,0
0,411019,0
0,225577,0
0,393003,0
110000,116445,0
0,89540,0
0,68636,0
0,207323,0
480000,400753,0
0,380013,0
0,360022,0
0,381935,0
0,52415,0
0,272414,0
0,340194,0
0,173845,0
7500000,411632,0
0,216550,0
0,361340,0
0,296288,0
0,324263,0
0,160372,0
0,42377,0
0,40061,0
0,407204,0
0,326256,0
0,423377,0
0,377275,0
0,396965,0
0,31160,0
0,294608,0
0,380731,0
0,162139,0
0,257331,0
0,334522,33125
0,406125,0
0,391642,0
0,145593,0
0,418990,0
0,320892,0
0,40573,0
0,426958,0
0,277806,0
0,148864,0
0,278851,0
0,23207,0
0,425774,0
0,408290,0
0,423093,0
0,341443,0
0,89307,0
0,324440,0
0,397981,0
0,349028,0
0,100272,0
0,326247,0
0,293553,0
0,373841,0
0,255746,0
0,416258,0
0,87759,0
200000,8209,0
0,369237,0
0,225816,0
0,24681,0
0,397552,0
0,391039,0
0,301339,0
0,42494,0
0,319851,0
0,125949,0
0,392011,0
0,356156,0
0,374460,0
0,363790,0
0,391004,0
0,259468,0
0,53693,0
0,30124,0
0,227668,0
0,416251,0
0,430250,0
11909,92168,0
1,51281,0
0,77261,0
0,365753,0
0,194310,0
0,99319,0
0,416256,0
0,418585,0
0,86979,0
0,292538,0
0,229087,0
0,286369,0
0,397717,0
0,297865,0
0,305019,0
0,294463,0
0,186019,0
0,206725,0
0,323396,0
0,400547,0
0,254166,0
0,299909,0
0,142293,0
0,11346,0
0,18141,0
0,385933,0
125000000,121856,240697856
0,266500,223003
0,308919,0
1400000,381707,0
0,379441,0
22000000,381289,194647323
0,247446,0
0,266558,0
0,334890,0
0,37376,0
0,393521,0
10400000,360814,310000000
0,261439,0
0,229081,0
0,65871,0
0,32594,0
0,229878,0
0,423733,0
0,293487,0
0,229097,0
0,28275,0
0,63163,0
0,315112,0
0,430514,0
10000,382127,0
0,94105,0
0,128110,0
0,324251,0
0,362216,0
0,229094,0
0,279608,0
0,369594,0
0,162934,0
0,109912,0
0,54050,0
0,369875,0
0,170078,0
0,318794,0
16000000,166452,0
0,229088,0
0,350594,0
0,70366,0
0,46629,0
0,20679,0
0,412467,0
0,382906,0
15000000,167449,5290
0,347702,0
0,287790,0
0,326253,0
0,49577,0
21500000,195590,4811525
0,338679,0
0,394176,0
0,403052,0
0,201633,0
0,122134,0
0,190553,0
0,129865,0
0,189820,0
0,189807,0
0,147397,0
0,159898,0
0,144410,0
0,127224,0
0,126413,0
0,159910,0
0,144393,0
0,143801,0
0,163053,0
0,190605,0
0,190582,0
0,193793,0
0,139589,0
0,130450,0
0,81440,0
0,87852,0
0,415396,0
0,390547,0
45000000,388399,50548152
20000000,334524,7227038
0,59935,0
0,48918,0
0,264746,0
0,352342,0
0,92931,0
0,167190,0
0,432132,0
0,271717,0
0,411873,0
0,400329,0
0,153609,0
0,430973,0
0,430977,0
0,421060,0
0,49082,0
0,56828,0
0,48567,0
0,230029,0
0,65207,0
0,300544,0
0,89433,0
0,55157,0
0,307256,0
0,168693,0
0,231218,0
0,44472,0
0,369299,0
0,96906,0
250000,46522,0
0,125077,0
30000000,342473,2351359
0,356461,0
0,392832,0
0,369059,0
0,26630,0
1000000,161246,0
20000000,345922,0
125000000,262841,64493915
30000000,324542,32540674
40000000,340837,26559557
0,211088,0
18000000,370964,1776333
0,85758,0
0,84705,0
0,372490,0
0,403570,0
0,431742,0
0,424014,0
0,356324,0
0,124101,0
0,210079,0
0,226050,0
0,46121,0
0,228257,0
0,95400,0
0,152618,0
0,389630,0
1999000,18223,0
0,268771,0
0,394689,0
0,340481,0
0,382501,0
0,173189,0
0,134680,60
0,375872,0
0,404791,0
13000000,369698,0
0,362058,0
0,205236,0
0,335450,0
0,169840,0
0,50737,0
0,31401,0
0,16122,0
0,377691,0
0,241140,0
0,394759,0
0,12911,0
0,411656,0
8000000,404378,82703
0,67343,0
0,31390,0
85000000,47971,346147658
7400000,292280,26667197
0,418688,0
0,395982,0
80000000,324849,311950384
0,58820,0
0,266882,0
0,126143,0
0,332288,0
0,76420,0
0,269246,0
0,264170,0
0,256421,0
0,327083,0
0,148039,0
0,16487,0
0,16486,0
0,26461,0
0,38878,0
0,43641,0
0,365037,0
0,274326,0
10000000,335791,30658387
0,72955,0
0,417427,0
0,53217,0
0,377263,880474
0,352960,0
0,429801,0
0,359093,0
0,19010,0
0,382598,0
0,359660,0
0,106876,0
0,400749,0
0,413837,0
0,417056,0
0,395278,0
0,384727,0
0,85755,0
0,363689,0
0,380771,0
0,148031,0
4000000,411088,0
0,240634,0
0,97073,0
65000000,383785,254212245
12003848,392271,0
0,401544,0
0,367613,0
0,328796,0
0,374205,66207073
0,109213,0
0,423122,0
0,398738,0
0,256569,0
0,382220,0
0,433034,0
0,381008,0
0,195763,0
0,416211,0
0,184958,0
0,401461,0
0,98377,0
0,91339,0
0,222339,0
0,57518,0
0,107420,0
0,66659,0
0,107412,0
0,107319,0
0,107605,0
0,412309,0
0,412590,0
0,270529,0
0,334679,0
0,108177,0
0,45782,0
0,102053,0
0,38323,0
0,289171,0
0,17417,0
0,412205,0
100,271120,0
0,429238,0
1500000,409502,2000000
0,426808,0
0,345925,0
0,394034,0
0,408159,0
0,381021,0
0,256756,0
0,396392,0
0,393658,0
0,411081,0
0,369054,0
0,254299,0
0,82716,0
0,4652,0
0,80544,0
0,360365,0
0,245792,0
0,85628,0
0,208436,0
0,50454,0
0,7088,0
0,407335,0
0,211387,0
0,412511,0
0,369057,0
0,400045,0
0,60821,0
0,61005,0
0,424822,0
500000,76535,0
0,427045,0
0,420967,0
0,421623,0
0,410315,0
1600000,382207,0
0,421626,0
0,89269,0
0,24068,0
7500000,396616,9100000
25000000,14564,83080890
0,367206,0
0,28670,0
0,242049,0
0,48346,0
0,61341,0
0,72268,0
0,158273,0
0,270047,0
0,69990,0
0,180514,0
0,229373,0
0,228987,0
0,362584,0
0,116988,0
0,42467,0
0,82088,0
0,226236,0
0,267466,0
0,91618,0
0,96001,0
0,85753,0
0,55253,0
0,294098,0
3500000,63996,18000000
3500000,393519,4100000
0,83754,0
0,433244,0
0,160165,0
0,381075,0
0,92940,0
0,96035,0
0,257258,0
0,236696,0
0,236655,0
0,24439,0
0,424661,0
0,83271,0
0,378485,0
0,264418,0
0,163839,0
0,226675,0
0,226679,0
0,64397,0
0,287499,0
0,350779,0
0,20837,0
0,432959,0
0,264164,0
0,333847,0
0,382125,0
0,35992,0
0,332665,0
2500000,428645,0
0,409082,0
0,380622,0
0,358901,0
0,362202,0
0,362180,0
0,362585,0
0,150140,0
0,227932,0
0,377847,0
0,335897,0
0,286545,0
0,128044,0
0,19054,0
0,114145,0
0,411678,0
0,424782,0
0,414937,0
0,401222,0
40000000,324552,171539887
5000000,419430,252434250
97000000,263115,616801808
185000000,293167,566652812
0,43989,0
0,201430,0
3892200,408626,0
18000000,180863,41412709
0,105352,0
0,179302,0
0,105388,0
0,295011,0
0,399623,0
0,354282,0
22800000,362583,0
0,34163,0
0,256166,0
5000000,397837,10025571
5000000,341006,0
0,125217,0
0,16382,0
0,362343,0
0,157803,0
0,300945,0
0,183383,0
0,47790,0
0,183388,0
0,57305,0
0,301491,0
0,369603,0
0,297342,0
10000,328216,0
1200000,31142,0
0,109074,0
5000000,73043,0
0,39067,0
0,85393,0
0,416477,52620184
0,411741,0
0,425591,0
0,154339,0
18500000,369778,0
0,125114,0
0,376188,0
0,416988,0
0,388586,0
175000000,274857,146175066
0,408623,0
0,403605,0
0,334532,0
5000000,241258,6341855
0,362141,0
0,19761,0
0,242835,0
160000000,321612,1262886337
0,433245,0
0,43319,0
0,214641,0
0,100770,0
0,170548,0
120,385261,0
0,178614,0
0,44519,0
0,380124,0
0,388235,0
0,18955,0
0,72822,0
125000000,295693,498814908
0,408220,0
3500000,363807,0
0,376424,0
0,181135,0
0,268105,0
0,89440,0
0,412203,0
0,221112,0
0,87199,0
0,224813,0
0,124979,0
0,106742,0
0,293091,0
0,293085,0
0,134158,0
0,37333,0
0,341178,0
0,376003,0
0,45452,0
0,280723,0
0,421365,0
0,437253,0
0,47241,0
0,35396,0
0,87908,0
0,136339,0
0,414392,0
0,418697,0
0,433086,0
0,136254,0
0,283959,0
0,38499,0
0,383146,0
4696772,398818,0
0,420519,0
40000000,173897,312242626
0,388791,0
0,174000,0
0,220653,0
0,220656,0
0,51374,0
0,176032,0
0,100185,0
0,174487,0
5000000,123846,0
0,371806,0
0,394723,0
0,416680,0
3000000,132298,0
0,127021,0
0,127304,0
40000,362227,0
0,416635,0
0,437838,0
0,414779,0
650000,40895,0
0,86556,0
1500000,414190,0
0,435921,0
0,66733,0
0,418378,0
0,384373,0
0,382212,0
0,230867,0
0,268297,0
42500,91627,0
0,325373,0
0,415021,0
60000,359736,0
0,333358,0
0,408272,0
0,40669,0
100000,428449,15584255
110000000,315837,169801921
0,251421,0
0,45515,0
0,371445,0
0,391955,0
0,398792,0
50234,328840,0
0,429698,0
0,58928,0
0,396920,0
0,437752,0
0,357155,0
0,380623,0
0,374251,0
0,81556,0
0,75018,0
0,382595,0
0,419371,0
0,297160,30911
0,382602,0
0,393695,0
0,413882,345872
3000000,192210,0
0,59482,0
0,381090,0
0,380592,0
0,37175,0
0,65793,0
0,21062,0
500000,74561,0
0,128728,0
0,60447,0
0,17008,0
0,30253,0
0,208366,0
0,265432,0
0,15642,0
0,22154,0
0,29896,0
0,83729,0
0,30680,0
0,177979,0
0,85699,0
0,10248,0
0,186532,0
0,198677,0
55000000,341174,378827494
0,346681,653951
0,407430,0
0,173494,0
0,389272,0
6277106,401513,0
0,426830,0
0,417321,0
0,226288,0
0,439121,0
0,130243,0
0,75400,0
0,420245,0
0,334535,0
0,33079,0
0,352719,0
0,409879,0
0,393263,0
0,389677,0
0,406398,0
0,366985,0
0,137726,0
0,355930,0
0,15387,0
0,30447,0
0,105454,0
0,340584,0
0,356500,0
0,381645,0
0,352885,0
0,360924,0
0,431567,0
0,262982,0
0,226268,0
0,392660,0
0,179366,0
5000000,331588,0
0,331075,496000
0,255709,0
32000000,299822,0
3000000,54865,0
0,429199,0
0,434178,0
0,358293,0
0,438643,0
4000000,438283,0
0,82414,0
0,160799,0
0,72251,0
10000000,411221,0
0,434234,0
0,69214,0
0,373514,0
0,437372,77156
0,408509,0
0,58368,0
4000000,425942,1440000
4500000,51322,0
0,393079,0
0,435351,0
0,323695,0
0,344656,0
0,62941,0
0,277464,0
0,17399,0
0,51196,0
0,399417,0
0,430780,0
0,386830,0
0,70807,0
0,49992,0
0,345009,0
0,366104,0
0,437122,0
0,362463,0
0,97643,0
0,366502,0
0,175998,0
0,431244,0
0,381011,0
0,61436,0
5000000,426580,0
0,149708,0
0,312137,0
0,428074,0
0,273311,0
0,213587,0
0,288710,0
0,47748,0
0,133160,0
0,358926,0
0,99242,0
0,354379,0
0,324326,0
0,269198,0
0,44814,0
0,390357,0
0,390298,0
0,41400,0
0,39315,0
0,423367,0
0,417503,0
0,431458,0
0,174588,0
0,431242,0
0,169885,0
0,78997,0
0,343304,0
0,217129,0
75000000,415358,0
0,294992,228984
0,282116,0
0,434711,0
0,83221,0
0,271826,40000
0,407588,0
0,135482,0
0,272264,0
0,346239,0
0,406385,0
0,161833,0
0,45665,0
0,343018,0
100000,161683,0
0,382883,0
0,292625,0
0,85959,0
0,427680,0
0,57005,254000
0,388907,0
15000000,337844,0
0,372754,0
0,280913,0
0,363126,201719
0,436279,0
0,417004,0
0,394269,0
0,384289,0
2800000,363007,0
0,380282,0
0,79909,0
0,287594,0
0,344900,0
0,397093,0
0,362092,0
0,385114,0
0,33712,0
2,325803,0
550000,211086,0
0,424722,0
0,385761,0
0,201752,0
0,174371,0
0,320318,0
0,416688,0
0,178222,0
0,167858,0
0,364379,0
0,89403,0
0,388410,0
0,359245,0
0,120115,0
0,206899,0
0,338387,0
0,259129,0
0,37840,0
0,376252,0
0,41261,0
0,83944,0
0,139692,0
0,129237,0
0,108523,0
0,51549,0
0,38013,0
0,254123,0
0,320453,0
0,92473,0
0,202885,0
0,52628,0
0,55008,0
0,40854,0
10000000,330947,443684
0,401104,0
0,346650,0
0,430158,0
0,437220,0
0,44303,0
0,19349,0
0,377362,0
0,381064,0
0,29457,0
0,137528,0
0,307696,0
0,439107,0
0,398541,0
0,182937,0
0,429838,0
0,128149,0
0,357424,0
0,289960,0
0,336972,0
0,379019,0
0,334307,0
0,248503,0
0,371459,0
0,117479,0
0,257831,0
0,432799,0
0,428493,0
0,429191,0
0,436339,0
0,290930,0
0,37419,0
0,186592,0
0,306207,0
0,68732,0
0,147939,0
0,59122,0
0,440361,0
0,429732,0
0,437623,0
0,36140,0
0,422972,0
0,362409,0
0,32532,0
0,24140,0
0,371447,6700
0,76097,0
0,286,0
6907750,9551,0
0,432883,0
0,425003,0
0,416290,0
0,109398,0
0,415032,0
0,356381,0
0,190824,0
0,443113,0
4000000,40249,0
0,102032,0
0,438597,0
0,17469,0
0,83363,0
0,438137,0
1000000,358962,2228115
0,423246,0
0,359029,0
2000000,431093,0
0,410970,0
0,196359,0
0,380058,0
0,380057,0
0,377446,0
0,379008,0
0,399802,0
0,383567,0
0,388624,0
0,390837,0
0,380061,0
0,390991,0
0,392386,0
0,394415,0
0,394063,0
0,396109,500
0,399938,0
0,399810,0
0,399932,0
0,399811,0
0,422559,0
0,422551,0
0,415730,0
0,414743,0
0,415725,0
0,415735,0
0,418992,0
0,429779,0
0,422878,0
0,422500,0
0,421552,0
0,418985,0
0,421556,0
0,425841,0
0,425002,0
0,429788,0
0,429792,0
0,429389,0
0,429797,0
0,428355,0
0,429392,0
0,378446,0
0,52623,1
0,382597,0
0,379371,0
0,410661,0
0,285685,0
0,87719,0
0,396263,2238600
0,32945,0
0,38751,0
0,417263,0
0,67592,0
0,101818,0
0,296557,0
0,287647,0
0,259171,0
0,122959,0
0,408438,0
0,272820,0
0,348611,0
0,244117,0
0,395531,0
0,332491,0
0,357106,0
0,68503,0
0,14818,0
2000000,41536,0
0,99099,0
0,140530,0
0,44124,0
0,36119,0
0,16851,0
0,25772,0
35000,238442,0
3000000,53080,0
0,25727,0
0,112708,0
150000,51122,0
3000000,51021,0
0,393765,0
0,440047,0
300000,73981,2074000
0,361475,0
0,397992,0
0,361018,0
2700000,352205,0
0,244046,0
0,163924,0
0,433056,0
0,384581,0
0,414910,0
25000,332168,0
0,228455,0
0,155107,0
0,172972,0
0,427409,0
0,399219,0
0,441043,0
0,109080,862
0,114370,0
0,114372,0
0,114371,0
0,105231,0
0,293570,0
0,50253,0
0,83090,0
0,83091,0
0,66105,0
0,83088,0
0,427416,0
0,433583,0
0,398395,0
0,427413,0
0,328327,0
0,319971,0
0,322785,0
0,323688,0
0,355984,0
0,429803,0
0,326553,0
0,327953,0
0,329286,0
0,323552,0
0,337405,0
0,338689,0
0,350762,0
0,399798,0
0,327352,0
0,340785,0
0,342546,0
0,345176,0
0,346473,0
0,348601,0
0,352036,0
0,355335,0
0,359244,0
0,360408,0
0,359459,0
0,366692,0
0,361750,0
0,362988,0
0,422548,0
0,362108,0
0,422550,0
0,376599,0
0,368999,0
0,369665,0
0,357600,0
0,369796,0
0,371347,0
0,374174,0
0,371084,0
0,179105,0
0,295891,0
0,306218,0
0,273128,0
0,281590,0
0,265394,0
0,306199,0
0,37354,0
0,297482,0
0,24440,0
0,59060,0
0,40748,0
0,40120,0
0,17695,0
0,238255,0
0,400001,0
0,375355,0
0,336000,9705840
0,439263,0
837000,442752,0
0,393732,0
100000,427451,0
0,378018,0
2980000,22817,0
0,360328,0
0,443007,0
0,242409,0
0,255802,0
0,363618,0
0,351097,0
4200000,405204,0
0,390409,0
0,442491,0
0,47291,0
0,173577,0
0,433082,0
0,42539,0
0,110001,0
0,381009,0
0,24948,0
500000,90231,0
0,28602,0
0,224113,750000
0,434661,0
5000,86658,0
0,410988,0
0,371463,0
0,345909,0
32745300,340101,12173470
40000000,433356,240978
0,410117,923
0,354285,0
6000000,340676,1305195
0,403252,0
0,4369,0
0,356401,0
0,403114,0
0,53163,0
0,246252,0
0,70740,0
0,371504,0
0,393443,0
0,309028,0
0,422960,0
0,416499,0
0,317560,0
0,75944,0
0,56947,0
0,327231,0
3000000,416166,0
0,352845,0
0,430128,0
3000000,240733,0
0,400610,0
0,393949,0
0,434616,0
5000000,399173,0
0,75203,0
0,13544,0
0,55505,0
0,29801,0
0,38526,0
0,71539,0
0,283378,0
0,214134,0
0,294161,0
0,227970,0
3000000,261461,0
0,132518,0
0,224233,0
20000000,345938,57330873
0,278475,0
0,334939,0
0,203273,0
1500000,422715,0
0,408550,0
0,172297,0
58000000,395992,100541806
0,69535,0
0,37213,0
0,57979,0
0,41520,0
0,81232,0
0,269043,0
3500000,405882,0
0,105843,0
5200000,403867,0
0,366499,0
0,445602,0
0,26882,0
0,384452,0
0,434336,0
30000000,314095,8574339
0,347882,0
0,11795,0
0,38145,0
0,21576,0
0,26797,0
0,66109,0
0,24979,0
0,21587,0
0,382474,0
0,149883,0
0,194144,0
0,419037,0
0,141803,0
0,144092,0
0,401840,0
0,171597,0
0,271467,0
0,382591,1447740
0,140465,0
0,381347,0
0,367147,73121
0,101915,0
0,391975,0
0,15473,0
0,434724,0
0,42211,0
0,423536,0
0,126204,0
0,390930,0
0,346758,0
0,53962,0
0,115161,0
100000000,305470,142337240
97000000,126889,232380243
0,419522,0
0,173631,0
0,154718,0
10000000,334521,3565109
0,381015,0
0,153073,0
0,37938,0
0,394385,0
0,74124,0
0,56002,0
0,272075,0
0,296082,0
0,442075,0
0,254967,0
0,216919,0
0,318832,0
0,430826,0
0,436334,0
0,387886,0
5000000,402423,0
0,410694,0
0,400014,0
0,387700,0
0,444513,0
0,150747,0
0,323788,0
0,419747,0
0,360808,0
0,73478,0
0,103706,0
0,273848,0
0,241302,0
0,291577,0
0,243764,0
0,255635,0
0,300490,0
1500000,439695,0
0,94065,0
0,366561,0
2000000,371899,0
0,47616,0
0,167618,0
0,99343,0
0,351863,0
0,126919,0
0,2459,0
625,347413,0
0,31501,0
0,34311,0
0,35793,0
0,99802,0
0,401546,1323312
0,424634,0
42000,443053,0
0,447511,0
0,48852,0
0,66159,0
0,240491,0
0,179188,0
10000000,388202,0
26000000,7290,0
0,15043,0
0,18051,0
0,405473,0
0,437031,5000000
0,446048,0
0,27076,0
0,20004,0
0,405670,0
0,441168,0
0,41128,0
0,211798,0
7000000,58692,0
0,13841,2015882
0,6105,0
0,255552,0
0,133485,0
0,74121,0
0,392207,0
0,9830,0
0,85548,18
0,355277,0
0,356200,0
0,408219,0
0,1848,0
0,412302,0
0,270822,0
0,128284,0
0,421962,0
0,392790,0
0,440767,0
0,27551,0
0,81472,0
0,33310,0
0,15090,0
12,25610,0
30000000,30999,0
0,19002,0
0,27296,0
0,7837,0
12000000,19766,0
3800000,15212,0
0,9711,0
0,1596,0
0,20760,0
0,20860,0
0,14611,7900000
0,23134,0
0,11155,0
0,15982,3099497
0,18500,0
0,79678,0
0,371741,0
0,409366,0
0,413778,0
0,25379,0
0,226524,0
0,77785,0
0,370741,0
0,236539,0
0,377196,0
0,298920,0
0,364834,0
0,22450,0
0,342011,0
0,112293,0
0,269572,0
0,391438,0
0,227627,0
0,77451,0
0,253332,0
0,133684,0
0,173499,0
0,185789,0
0,444705,0
0,430156,0
0,408435,0
0,416569,0
0,28264,0
0,84167,0
4000000,444193,0
0,32148,0
0,413687,0
0,331485,0
0,343887,0
0,356294,0
300000,415255,0
0,121539,0
20000,403163,0
0,56263,0
0,39278,0
0,396810,1783421
0,48133,0
0,106348,0
25000000,417644,26800152
5000000,353569,3305592
25000000,353070,84618541
0,286538,0
0,398929,222430
0,40577,0
0,444706,0
0,43009,0
0,352501,0
0,431937,0
0,128891,0
0,128892,0
0,220443,0
0,26452,10676194
0,70816,0
0,243664,0
0,104858,0
0,220890,0
1200000,345003,0
0,428687,0
0,215562,0
0,201198,0
0,447758,0
0,256969,0
0,396643,0
8000000,380075,0
0,336956,0
0,409820,0
1531604,109861,0
0,52655,0
0,256921,0
0,57088,0
0,52280,0
0,448290,0
0,71266,0
0,401743,0
0,185476,0
940000,329135,5100000
0,29971,0
0,286437,0
0,389292,0
0,210288,0
0,84562,0
0,42242,0
20000000,403390,557241
0,406204,0
0,54548,0
0,73541,0
0,418718,0
0,362617,0
50000,14681,0
0,17028,0
0,25833,0
0,227964,0
0,326198,0
0,168022,0
0,20033,0
0,27215,0
0,337412,0
41000,232078,0
0,38913,0
0,157123,0
0,397415,0
0,239395,0
400000,54911,5255
0,64403,0
0,133964,0
1900000,27969,0
0,74336,0
0,413658,0
0,420648,0
0,342684,0
0,4882,0
0,60415,0
0,334299,0
0,359413,0
0,295049,0
0,152611,0
0,20105,0
0,264760,0
0,343809,0
0,353725,0
0,364060,0
0,64266,0
0,149474,0
0,78363,0
0,129229,0
0,73294,0
17820000,21778,14054361
0,429450,0
0,49890,0
0,38577,0
0,341445,0
0,43685,0
0,66085,314195
0,77564,0
0,104376,0
3500000,56372,8262833
0,363056,0
60000000,137116,197183546
0,376134,0
0,410348,0
0,360612,0
0,32536,0
0,429662,0
0,66628,0
0,54970,0
0,446076,0
20000000,289222,13162475
0,3427,0
0,125313,0
0,121688,0
0,52400,0
0,135561,0
0,6107,0
2000000,440777,0
5000000,305642,0
0,317965,0
0,410205,0
0,422566,0
0,413927,0
0,26509,0
0,219924,0
0,327909,0
0,430419,0
0,310814,0
2000000,22984,0
0,331392,0
8900000,63077,0
7000000,400928,37461045
0,399615,0
0,173796,0
0,213927,0
125000000,331214,0
0,65310,0
0,408647,0
0,364830,0
0,235708,0
0,375298,0
0,448767,0
0,449674,0
0,394645,0
10000000,368006,15000000
0,37520,0
0,186292,0
0,449863,0
0,32635,0
0,172705,0
0,43144,0
10500000,390051,3451
0,40983,0
0,425716,0
0,31809,0
0,128169,0
0,74312,0
0,142478,0
0,14606,0
0,283591,152761
0,72215,0
0,445727,0
0,424998,0
0,342472,0
0,322487,116873
10000000,417678,0
22000000,417830,40120144
0,436340,0
0,37037,0
0,284457,0
0,135598,0
0,381449,0
0,412120,0
5000000,428356,0
7075038,440642,9868942
0,392882,0
69000000,339846,177856751
12000000,418437,17768012
42000000,373569,60845711
7000,434510,0
0,4182,0
0,32465,0
0,398390,0
125000000,282035,407778013
0,9690,0
0,9810,0
0,404584,0
0,36968,0
0,172445,0
0,180093,0
0,348375,0
0,153272,0
0,34057,0
0,37049,0
0,415665,0
0,401484,0
0,333106,0
0,157641,0
0,403509,0
0,57091,0
250000000,337339,1238764765
0,382509,0
0,135275,0
0,440249,0
0,426265,0
0,409550,0
0,400114,0
0,44249,0
1000000,421443,0
0,392124,0
0,419700,0
0,256476,0
0,333354,0
40000000,141102,0
0,92180,0
0,385805,0
0,398649,0
0,157676,0
0,390582,0
0,370722,0
0,392818,0
0,407757,0
0,41663,0
0,61541,0
0,386172,0
0,381032,0
0,41416,0
0,39371,0
0,25606,0
1000,54313,0
0,397442,0
38000000,268531,110824373
0,346034,0
0,426230,0
5000000,418078,0
0,424488,0
0,413998,2676077
0,347627,0
0,394770,0
175000000,260514,350170057
0,359784,0
0,400136,0
0,70177,0
0,431071,0
0,413648,0
0,157837,0
0,348893,0
0,45891,0
0,13774,0
0,324572,0
0,266697,0
0,85424,0
0,445993,0
0,432364,0
0,242441,0
0,137746,0
0,15314,0
0,53759,0
0,90532,0
0,85790,0
0,31051,0
0,378221,0
0,435737,0
10000000,382614,4219536
0,185180,0
0,420714,0
0,378108,19204593
0,1631,0
0,64584,0
0,155661,0
0,425751,3384747
0,66144,0
0,361617,0
0,411013,0
0,453062,0
0,428950,0
0,18334,0
0,375898,0
0,24177,0
0,315467,0
0,405775,1803009
0,23476,0
0,56385,0
0,345906,0
7000000,440508,0
0,152100,0
0,258116,0
0,278901,0
0,45031,0
0,48855,0
0,11181,0
0,408374,0
0,15953,0
0,7234,0
3500000,450768,0
0,13651,0
0,111469,0
0,41289,0
2800000,443319,3600000
0,435707,0
0,424600,0
0,53397,0
0,442640,0
475000,57248,0
0,418969,0
0,399217,0
0,436769,0
0,30655,0
0,256283,0
0,167330,0
1050000,412202,0
0,70665,0
0,104391,0
0,48780,0
0,48847,0
0,117232,0
916000,333384,2403885
950000,30593,1500000
0,49036,0
0,410212,0
3900,45966,0
0,45970,0
0,426224,0
0,57837,0
0,34506,0
0,70086,0
0,25160,0
0,30649,0
0,28753,0
0,28810,0
0,34512,0
0,35241,0
1000000,33914,0
65000,390883,0
0,85901,0
0,401689,0
0,156045,0
6000000,220669,31000
0,271404,0
0,321757,0
0,61708,0
250000,49160,0
0,216163,0
0,86682,0
0,177117,0
0,380754,0
0,229693,0
0,412766,0
0,425134,26251899
0,34518,0
0,426264,0
0,37963,0
0,64215,0
0,178751,0
0,71031,0
500000,64494,0
0,50560,0
0,67394,0
0,46360,0
0,430830,0
0,403431,0
0,358694,0
0,15014,0
0,451709,0
2000000,412209,0
0,450945,0
0,104863,0
0,37406,0
0,263524,0
0,96683,0
0,37801,0
0,381276,0
0,364123,0
0,21586,0
0,26140,0
0,25358,0
0,21231,0
0,13488,0
0,34507,0
0,18362,0
0,47774,0
0,31251,0
0,104277,0
0,413349,0
0,425487,0
0,390054,0
1000000,199602,0
0,305198,0
0,445605,0
0,240992,0
0,413782,0
0,233444,0
0,276486,0
0,30592,0
0,174020,0
0,443297,0
12200000,38629,0
0,333295,0
0,99251,0
0,397549,0
0,31280,0
0,340053,0
0,270025,0
10,51522,0
0,43158,0
0,72553,0
1200000,30289,0
0,42862,0
0,279965,0
0,79009,0
0,402455,0
0,38547,0
0,157559,0
0,366759,0
0,148697,0
0,49833,0
65700,220002,214600
0,64468,0
0,296901,0
0,236041,0
0,48763,0
0,452606,0
0,65010,0
0,101217,0
0,53206,0
0,236053,0
0,123592,0
0,109671,0
0,69319,0
0,110029,0
0,38614,0
0,74171,0
0,327935,0
0,110040,0
0,123601,0
0,86256,0
0,307020,0
0,123611,0
64200,38794,698200
0,49057,0
0,382518,0
18000000,59219,0
0,409297,0
0,134990,0
707503,430263,4781454
0,14274,0
0,49426,0
2800000,347979,964206
0,329137,0
0,435366,0
0,426166,0
0,24709,0
0,40761,0
0,34372,0
0,133063,0
8620000,363579,0
0,152218,0
0,16175,0
0,430413,0
0,84140,0
3500000,330878,179000
0,428398,0
0,255358,0
0,413953,0
0,54638,0
0,54471,0
0,291276,0
0,81391,0
0,409926,0
0,301372,0
0,142145,0
0,411405,0
0,14005,0
0,255160,0
0,427095,0
0,268652,0
0,85971,0
0,453596,0
2000000,31059,22212223
0,231510,0
0,24149,0
0,83292,0
0,149154,0
0,251803,0
0,63414,0
0,145051,0
0,455363,0
0,390396,0
0,455368,0
0,63958,0
0,60068,0
6500000,57889,9816332
0,49230,0
3200000,50530,3877492
0,411282,0
0,124582,0
0,402223,0
2600000,345306,0
0,424322,263000
0,373838,0
0,194089,0
0,36566,0
0,110486,0
0,142802,0
0,56746,0
0,14243,0
0,52805,0
0,13128,0
0,442949,0
0,68163,0
0,413391,123899
0,77235,0
0,60236,0
0,411024,0
0,393172,0
0,348389,0
0,27942,0
0,377274,0
1,405050,0
0,426253,214078
18000000,350312,230000000
1300000,54474,809000
0,366143,0
0,71209,0
0,441483,0
400000,447352,0
0,115108,0
0,444066,0
0,455601,0
0,44123,0
0,69072,0
0,27631,0
0,64051,0
0,58306,0
0,25771,0
0,16783,0
0,27916,0
0,46663,0
0,441652,0
0,34325,0
0,34521,0
0,439998,0
0,77534,0
0,20543,0
0,72386,0
0,183339,0
0,135195,0
0,123787,0
0,59173,0
0,37876,0
0,80019,0
0,80267,0
0,39348,31894
0,45041,0
0,71520,0
0,369697,0
0,42772,0
0,70668,0
0,20211,0
60000,23506,0
0,95990,0
0,371859,17355
0,54514,0
0,143883,0
0,61672,0
0,227334,0
0,44265,0
6000000,430161,0
0,315371,0
0,21947,49601
0,151227,0
4000000,16687,0
0,14916,0
5000000,27046,55635037
0,62737,0
0,18761,0
0,74154,0
0,172878,0
7400000,14395,17000000
0,25977,0
0,164013,0
0,67958,400134
0,98857,0
0,19625,0
10000,293796,0
0,455188,0
0,203835,0
10500000,399019,25442939
0,452166,0
34000000,339403,224511319
50000000,387426,0
0,25998,0
0,45318,0
0,77710,0
3,161244,3
0,254268,0
0,144726,0
0,52779,0
0,363690,0
0,122487,0
0,11960,0
0,62842,0
0,172295,0
0,106259,0
0,402976,0
0,445916,0
0,387399,0
0,289269,0
0,322148,0
0,389578,0
0,256608,0
0,187010,0
500000,207260,0
0,164377,0
1200000,110608,0
0,67308,0
0,55429,0
0,109354,0
0,354133,0
0,371833,0
0,76638,0
0,41581,0
0,309898,0
0,331641,0
0,83495,0
0,79234,0
0,191486,0
0,63572,0
0,27316,0
0,33045,0
0,19159,0
0,95647,0
0,176807,0
0,167707,0
0,382200,0
1000000,239845,0
20000000,397422,45056771
7000000,399612,0
0,339161,0
0,233208,0
0,31380,0
0,31282,0
0,401698,0
0,381518,0
0,35967,0
0,127803,0
0,398798,0
0,450530,0
0,447818,0
0,26358,0
0,417820,0
0,60080,0
0,20648,0
0,323925,0
0,64765,0
0,371465,0
4000000,383538,0
0,123092,0
0,444713,0
0,156643,0
0,19392,0
0,430423,0
0,330628,0
0,210734,0
0,114464,0
0,408439,0
0,77270,0
0,332280,0
0,419428,0
0,447113,0
0,360404,0
0,212470,0
0,413736,0
0,324963,0
500000,227257,0
0,290727,0
0,166747,0
0,260234,0
0,167666,0
0,167313,0
0,134632,0
0,406099,0
0,310933,0
3500000,395452,1492523
0,44055,0
0,50108,0
0,54400,0
0,118900,0
0,22939,0
0,218213,0
0,426256,0
0,55888,5708
0,227717,0
0,119855,0
0,401150,0
0,271495,0
0,11070,0
0,409903,0
0,295588,0
0,429174,0
0,326420,0
0,391663,0
0,360998,0
0,406449,0
0,99247,0
0,116248,0
0,142797,0
0,157898,0
0,426670,0
0,127146,0
0,130980,0
0,3003,0
0,421758,0
0,387938,0
0,149336,0
0,144939,0
0,117422,0
0,446493,0
0,126127,0
0,132597,0
0,173557,0
0,22519,0
0,16612,0
0,402582,0
0,456348,0
0,24590,0
0,85463,0
0,413467,0
0,395965,0
0,65386,0
0,238869,0
0,14555,0
0,278095,0
2000000,295823,0
0,348858,0
0,309739,0
3300000,338517,5249225
0,154972,0
0,260584,0
0,20885,0
0,53739,0
0,395914,0
12000000,79733,0
0,241863,0
0,438635,0
0,9990,0
19000000,131039,0
15000000,369524,0
0,408381,0
0,416987,0
0,411005,0
0,416127,0
0,340215,0
0,425488,0
0,401065,0
0,255898,0
0,424145,243000
500000,347786,0
16670000,77185,0
0,31119,0
0,390293,0
5000,30633,0
0,447091,0
0,130300,0
0,111042,0
0,416951,0
0,338227,0
0,252034,0
0,198646,0
0,11396,0
0,274991,0
0,160124,0
0,49579,0
0,38332,0
0,49574,0
0,126555,0
0,78595,0
0,57204,1300000
0,152989,3462
0,4644,0
0,349177,0
0,2132,0
0,50332,0
400000,23594,0
0,325111,0
0,80211,21058000
0,62399,0
0,70172,0
0,16058,0
0,107808,0
0,62196,0
0,201429,0
1000000,55740,11455
0,411518,0
0,94340,0
0,37022,0
0,10960,0
0,32888,0
0,26510,0
0,35320,0
0,125302,0
0,55733,0
0,55728,0
0,18043,0
0,44015,0
0,19675,0
0,55738,0
0,55734,0
0,82377,0
0,44762,0
0,318348,0
0,20473,0
0,20564,0
0,15075,0
0,38966,0
0,14543,0
0,42306,0
0,24881,0
0,55694,0
500000,59807,0
0,39084,0
0,71288,0
0,55769,0
700000,44593,0
22900000,10572,0
0,34167,0
0,45249,0
0,393196,0
0,41301,0
0,30118,0
0,76059,0
0,387999,0
0,26264,0
0,256109,0
0,347630,0
0,15285,0
0,94532,0
0,86231,124880
0,177085,0
2800000,33586,0
0,47893,0
0,215579,0
0,18866,0
0,119457,0
0,55715,0
0,34203,0
500000,78387,0
0,50492,0
0,263029,0
0,328212,0
0,44417,0
0,209379,0
0,16875,0
2000000,20148,33700
0,19580,0
0,299513,0
0,394045,0
0,80147,0
0,39026,0
0,17871,0
0,50161,0
0,76706,0
0,55712,0
0,83079,0
2800000,63447,0
0,225762,0
0,55710,0
0,69621,0
0,100634,0
0,48281,0
0,317925,0
0,41709,0
0,127497,0
0,160234,0
0,257439,0
8292000,74415,0
0,48962,0
0,46712,0
1000000,54144,0
0,390059,0
0,24791,0
0,111913,0
0,383001,0
0,39962,0
0,118015,0
0,20946,0
0,244575,0
0,8128,0
0,429070,0
6000000,56525,11171900
6500000,271234,0
0,177950,0
0,332512,3300000
1500000,347382,0
0,246438,0
0,80178,0
0,59529,0
0,248223,2118871
17000000,302150,0
2153912,260522,4864560
0,45887,0
0,23764,0
2000000,250251,4803665
0,206591,0
0,216046,0
0,31772,0
0,398920,0
0,400796,0
0,362844,0
0,429107,0
0,164144,0
0,425931,0
0,448448,0
0,214256,0
0,437941,0
0,26873,0
0,43414,0
0,28013,0
0,81604,0
0,266135,0
0,51299,0
0,117878,0
0,36264,0
0,57813,0
0,203665,0
0,47033,0
0,39346,0
0,114047,0
0,51000,0
0,65595,0
0,270908,0
0,63899,0
0,138724,0
0,98581,0
0,89070,0
0,40194,0
90000000,421550,0
0,66084,0
3500000,37851,2294357
0,36699,8910819
0,53268,0
3000000,62732,17850711
0,47812,10198357
7000000,36698,1877122
3500000,37656,3704408
0,16269,4762337
0,16322,0
0,14210,0
5000000,41978,17566040
0,456781,0
0,425961,0
0,18575,0
0,24769,0
0,38373,0
80000000,324852,1020063384
0,408292,0
3200000,361597,0
0,299001,0
0,375746,0
0,441826,0
0,102935,0
0,376934,0
0,87296,0
0,62978,0
0,351067,0
0,376391,0
60000000,333667,9420546
5000000,44839,0
0,145760,0
0,62688,0
5000000,30619,0
0,213321,0
0,72203,0
0,77759,0
0,77762,0
0,364150,0
0,20883,0
0,51191,0
0,72211,0
0,104674,0
1282545,413762,0
0,381054,0
0,349138,0
0,44217,0
0,96458,0
0,47798,0
0,262975,0
0,401164,0
0,137801,0
0,57776,0
0,72611,0
0,118144,2403749
0,40886,0
0,264356,0
0,80617,0
0,294682,0
0,74535,0
0,81213,0
0,415132,0
0,56147,0
0,67742,0
0,384371,0
0,380438,0
0,17101,0
0,153556,0
0,320311,0
0,456187,0
0,203780,0
0,41493,0
0,71186,0
0,452922,0
0,62999,0
0,41957,2685000
0,71381,0
0,63930,0
0,16331,0
0,10917,0
0,93461,0
0,62643,0
0,288126,0
0,64199,0
0,18221,0
0,288977,0
0,438446,0
0,424208,0
0,21038,0
0,390319,0
0,188996,0
0,406107,0
2500000,29361,2141028
0,56820,0
2500000,71322,0
0,57779,0
0,56759,0
0,59290,0
0,26920,0
0,418047,0
6000000,102197,4588176
0,139300,6134438
0,73144,0
0,144712,0
2000000,164502,0
0,39137,0
0,340155,0
0,53945,0
0,61139,0
0,143380,0
0,71382,0
5000000,63838,3919731
0,62721,0
0,20884,0
0,64805,0
0,67545,0
0,18457,0
0,38329,0
0,26841,700000
0,206648,0
0,421741,0
3500000,25571,0
0,82077,0
0,197057,234748
0,143005,0
0,53086,0
0,62997,0
0,62731,0
0,336484,0
0,160046,0
0,90001,0
0,186766,0
0,77060,0
0,406808,0
0,439154,0
0,402907,0
0,375183,0
5000000,375867,6700000
0,363992,0
0,146414,0
4000000,37695,0
0,17210,0
0,159810,0
0,95190,0
0,195065,0
0,227462,0
800000,76438,0
0,27283,0
3000000,52891,9713500
0,29299,0
0,14650,0
0,22495,160829
0,68954,0
3500000,19312,0
0,57207,0
0,62787,0
0,51275,1708837
0,111332,0
0,34417,0
0,420481,0
2500000,69976,1477030
0,35908,0
0,30203,0
2200000,51267,0
5000000,61293,0
0,78323,2252547
0,55998,0
0,69097,0
0,77473,0
0,24660,0
0,24675,0
0,24960,0
0,24357,0
16000000,96231,0
4000000,100791,9938268
0,24914,0
0,24959,0
0,74779,0
0,148331,5
0,77094,0
0,148347,0
0,107170,0
0,26792,0
0,37603,0
0,444623,0
0,79833,0
0,196633,0
15000000,64502,0
0,56383,0
0,46018,0
100000,30870,0
0,63624,0
0,154028,0
0,19715,0
0,85398,0
0,93890,0
0,41313,0
0,27300,0
0,400465,0
0,416445,0
0,66706,0
0,31263,0
0,50958,0
0,187537,0
0,109481,0
0,86594,0
0,74829,0
0,73241,0
0,339445,0
0,264080,0
0,264081,0
0,47444,0
0,63087,0
0,84760,0
0,113158,0
0,409421,0
0,160793,0
0,44592,0
0,31125,0
0,28590,0
0,28445,0
0,134732,0
0,43241,0
0,85854,0
0,118155,0
0,39402,0
0,42576,0
0,154371,0
0,89998,0
0,63088,0
0,127186,0
0,42743,0
0,39400,0
0,89763,0
0,109097,0
0,31258,0
0,25953,0
0,61702,0
0,43097,0
0,92809,0
0,198558,0
0,22749,0
0,186584,0
0,31118,0
0,31286,0
0,278758,0
0,42786,0
0,89993,0
0,161088,0
0,31123,0
0,84643,0
0,29871,0
0,109122,0
0,84720,0
0,47001,0
0,49379,0
0,43312,0
82000,43228,2000000
0,20932,0
0,162042,0
0,31240,0
0,62855,0
0,42794,0
0,31254,0
0,3210,0
350000,87874,0
0,31382,0
0,40804,0
1500,31129,0
0,28820,0
0,84633,0
0,449503,0
0,31276,0
0,31244,0
0,31134,0
0,48209,0
0,31392,0
0,77889,0
1000000,423988,0
6000000,316154,0
0,392788,0
0,452142,0
152000000,281338,369907963
0,357530,0
0,412818,0
0,30885,0
0,69161,0
0,414455,0
0,371743,0
0,224404,0
21000000,293768,24527158
0,102041,0
0,22502,0
0,117751,0
0,161337,0
0,141461,0
0,452413,0
0,351868,0
0,76116,0
0,368342,0
0,68553,0
0,407575,0
0,4820,0
0,319966,0
0,456956,0
0,329255,0
0,40420,0
0,450225,0
0,391709,0
0,341689,0
0,396398,0
60000000,354287,0
0,249233,0
0,35464,0
0,358083,0
0,297948,0
0,347760,0
0,13741,0
0,15449,0
0,187672,0
0,57382,0
0,297680,0
0,329013,0
0,425383,0
0,77460,0
0,73311,0
0,438493,0
0,44386,0
0,19221,0
0,44960,0
0,454361,0
0,456193,0
0,174374,0
0,274388,0
0,413579,0
0,11842,0
0,60794,0
0,79599,0
0,369894,0
0,424235,0
0,77770,0
0,424971,0
0,412363,0
4000000,447061,0
0,448449,0
197471676,339964,90024292
100000,95414,0
0,146072,0
0,25525,0
0,67840,0
0,135787,0
0,260666,0
0,327253,0
0,154727,0
0,423360,0
7200000,11930,0
0,431714,0
0,390410,0
0,452372,0
0,174720,0
0,433878,0
0,412280,0
0,2104,60700
0,66926,0
0,447236,0
0,110131,0
0,41075,0
0,37587,0
0,41055,0
0,8776,0
0,41689,0
0,60800,0
0,354296,0
0,165095,0
0,37926,0
0,193216,0
0,86772,0
0,70133,0
0,259231,0
0,38164,0
0,180850,0
0,243312,0
0,431251,0
0,124505,0
0,133977,0
0,39827,0
0,277396,0
0,49168,0
0,356167,0
0,404518,0
0,458808,0
7000000,272610,855450
0,144804,0
0,381070,0
0,382475,0
0,337747,0
0,117680,0
0,24564,0
0,458310,0
0,328407,0
0,44458,0
0,392734,0
0,400552,0
6727000,54000,0
0,121888,0
2457000,33365,0
0,204690,0
0,139559,0
0,260312,0
0,372355,0
0,334681,0
0,352202,0
0,303835,0
0,360592,0
0,227245,0
0,459295,0
0,60194,0
0,348853,0
0,381096,0
0,413666,0
0,330333,0
0,446850,0
0,430988,0
0,418787,0
0,449012,0
20000000,16455,0
0,292631,0
0,401359,0
0,382589,0
0,76812,0
0,430448,0
0,419601,0
0,59738,0
0,210183,0
7400000,66526,22000000
0,195796,0
2000000,72663,273137
0,48753,0
0,65118,0
0,24230,0
0,44268,0
0,12816,0
0,14644,0
100000,205908,0
0,198951,0
0,58296,0
0,64393,0
0,83524,0
1500000,131343,0
0,57757,0
0,193288,0
0,36695,0
0,82495,0
3000000,135210,0
0,6436,0
0,95197,0
0,78475,0
0,78534,0
0,43084,0
0,390540,0
0,74580,0
0,106176,0
0,37769,0
0,81509,0
0,64278,0
0,41237,0
0,64827,0
850,76012,0
0,48584,0
0,50227,0
0,45952,0
0,67387,0
0,197854,0
0,428863,0
0,155887,214000
0,69059,0
0,39422,0
0,74949,0
0,115711,0
0,36888,0
6500000,28499,0
0,66045,0
0,67317,0
250000,16266,0
0,141015,0
0,86190,0
0,30163,0
0,27066,0
0,2791,0
0,47345,0
0,8366,0
0,13981,0
0,136087,0
0,2154,0
0,103307,0
0,65713,0
0,76277,0
0,77051,0
0,142746,0
0,65679,0
4000000,68365,0
0,109535,0
0,22099,0
0,333953,0
0,275054,0
0,103301,0
2500000,62664,0
0,143073,0
0,142757,0
0,131958,0
0,46588,0
0,63300,0
0,83459,0
0,83435,0
0,292656,0
0,67687,0
0,67451,0
0,92132,0
0,75294,0
0,63293,0
0,73267,0
0,213496,0
0,28745,0
0,7298,0
0,28279,0
0,81297,0
0,52849,0
1000000,228642,0
0,96005,0
0,83481,0
0,51424,0
0,327982,0
0,453053,0
0,176167,0
0,264389,0
0,377278,0
0,379959,0
0,353406,0
0,246006,0
0,4049,0
0,32066,0
300000,402919,0
0,413992,0
0,412059,0
0,436305,0
0,181564,0
0,151652,0
0,42384,0
0,378111,0
0,56049,0
0,133448,0
0,390587,0
0,11512,0
0,278730,0
0,38389,0
0,49578,0
0,115788,0
0,383526,0
0,367966,0
0,408616,0
0,419192,0
0,44105,0
0,142881,0
0,392794,0
0,17725,0
10000000,326011,7547762
0,456098,0
0,301876,0
0,83413,0
0,41961,0
0,129806,0
0,282078,0
0,129830,0
0,391700,0
0,72811,0
0,73545,0
0,63299,0
0,109262,0
0,63584,0
0,204802,0
0,195503,0
0,448879,0
0,37174,0
7200,457307,0
0,381525,0
0,336549,0
0,340027,0
0,124250,0
5300000,8453,22175908
0,353746,0
5000000,436994,0
0,254479,0
4000000,452068,0
0,451644,0
0,63452,0
0,48882,0
0,41158,0
0,13570,0
0,460024,0
0,448763,0
0,396987,0
0,84016,0
0,43464,0
0,426469,0
0,72210,0
0,302104,0
0,291976,0
0,84493,0
0,106131,0
28000000,26787,0
0,356752,0
0,415137,0
0,457962,0
0,384160,0
0,259645,0
0,144430,0
0,12790,0
0,69899,0
0,70752,0
0,37177,0
0,445224,0
0,461089,0
0,357851,0
0,143322,0
0,235932,0
0,104460,0
0,360737,0
0,311282,0
0,405671,0
0,154501,0
0,104462,0
0,50662,0
0,406990,0
0,46898,0
0,204904,0
0,387805,0
0,413644,0
0,433945,0
0,52960,0
0,436343,0
30000000,341013,90007945
0,67409,0
0,84601,0
0,88762,0
0,236017,0
0,145813,0
0,148356,0
0,34933,0
0,101503,0
0,6079,0
0,315196,0
0,33175,0
0,27221,0
25000000,455043,0
0,104466,0
0,104469,0
0,104471,0
0,165023,0
0,48929,0
0,67130,0
0,67145,0
0,69103,0
0,66878,0
0,104473,0
0,105980,0
0,22578,0
0,456101,0
0,295469,0
0,292033,0
0,435821,0
0,431391,0
0,339987,0
0,461533,0
0,104474,0
0,134201,0
0,104476,0
0,104477,0
0,104480,0
0,360007,0
0,431490,0
0,104694,0
0,153561,0
0,336890,0
0,262447,0
0,324631,0
0,374430,0
100000000,374720,519876949
0,45763,0
0,172011,0
0,146473,0
0,45764,0
0,128410,0
0,121842,0
0,207441,0
0,74961,0
0,83765,0
0,236112,0
0,102161,0
0,147871,0
0,83750,0
0,312433,0
0,144139,0
0,179236,0
0,179235,0
0,411717,17000000
0,127097,0
0,190683,0
0,195954,0
0,447169,0
0,195645,0
0,195542,0
0,195612,0
0,195592,0
0,147870,0
0,237156,0
0,237139,0
0,232137,0
0,64847,0
0,214472,0
8500000,14570,5730596
0,49275,0
0,119984,0
0,16465,0
0,44449,0
0,127094,0
0,127098,0
0,32673,0
0,147746,0
0,137757,0
0,458298,0
0,150396,0
0,142026,0
0,214280,0
0,232943,0
0,132379,0
0,196508,0
0,196491,0
0,36874,0
0,20650,0
0,49270,0
0,174565,0
0,176896,0
0,366860,0
0,336544,0
0,67488,0
0,155169,0
0,52039,0
0,44341,0
0,144444,0
0,134750,0
0,148511,0
0,189584,0
0,194040,0
0,326228,0
0,194039,0
0,193959,0
0,189586,0
0,151831,0
0,179549,0
0,192301,0
0,298296,0
0,202865,0
0,204611,0
0,434758,0
0,345915,0
0,439502,0
0,128733,0
0,407173,0
0,53355,0
0,138943,0
0,9765,0
0,461805,0
1000000,432602,0
0,59406,0
0,10260,0
0,128414,0
0,297736,0
0,56544,0
0,11912,0
0,83492,0
0,461955,0
0,5040,0
0,276678,0
0,436932,0
0,381024,0
0,354534,0
0,431261,0
0,99424,0
0,455963,0
0,429713,0
0,291495,0
0,213683,0
0,57770,0
0,338546,0
0,63540,0
0,49169,0
0,92983,0
0,150010,0
0,9627,0
8520000,434119,56100000
0,443700,0
0,349948,0
0,49491,0
0,312174,0
0,428612,0
0,387929,0
0,425916,0
0,127144,0
0,255384,0
0,368051,0
0,459802,0
750000,253612,0
0,350548,0
0,382217,0
0,49559,0
0,437311,0
0,419386,0
0,104297,0
0,300816,0
0,81202,0
0,366170,1015339
0,187782,0
0,403368,0
0,133131,0
0,422472,0
33000,94592,0
0,411012,393970
0,24101,0
0,26539,0
16000000,10991,68411275
0,22643,0
5000000,24794,0
0,20755,0
0,13683,0
0,12600,28023563
0,34065,0
0,308794,0
0,461615,0
0,435041,0
0,456018,0
0,393368,0
0,265178,0
0,63376,0
0,116753,0
0,411007,0
0,56784,0
0,142320,0
0,142830,0
0,218901,0
0,39903,0
260000000,335988,604942143
0,408543,0
0,123229,103504
0,178862,0
0,51273,0
2000000,314952,0
2000000,159447,11666088
0,313556,0
2000000,75438,8000000
0,179690,0
3000000,20449,0
0,248747,0
0,77512,0
4000000,60189,0
3000000,57701,1957000
0,233880,0
0,214157,0
0,56304,0
0,41242,0
0,334795,0
0,296834,0
0,17630,0
0,455968,0
0,87952,0
0,224204,0
0,413785,0
10000000,399790,0
0,410118,0
0,68623,0
0,91902,0
0,332788,0
0,432607,0
0,441881,0
0,448847,0
0,441728,0
0,430058,0
0,143876,0
0,50196,0
0,296855,0
0,347855,0
0,416691,0
0,460822,0
0,457470,0
0,36464,0
0,54309,0
0,167556,0
0,408024,126463
0,381507,0
0,421928,0
0,326446,0
0,453354,0
0,32534,0
0,18040,0
0,36179,0
0,412105,0
0,430598,0
0,27018,0
0,61008,0
300,424643,0
0,255391,0
0,116336,0
0,446345,0
0,429200,10893246
0,37991,0
0,384669,0
2073816,412758,0
0,331110,0
0,436882,0
0,184363,0
0,445840,0
0,92475,0
0,189505,0
0,176407,0
0,2286,0
0,438081,0
0,449742,0
0,187602,0
0,427673,0
0,149723,0
0,453008,0
0,345489,0
0,84626,0
0,86337,0
40000000,345914,0
0,257698,0
0,449758,0
0,440143,0
0,433054,0
0,381519,0
0,438634,0
0,50387,0
0,143068,0
0,49580,0
0,42487,0
0,436352,0
0,157414,0
0,46203,0
0,459928,0
0,258514,0
0,382455,0
0,217917,0
0,42616,0
0,74384,0
0,64043,0
0,70207,0
0,29458,1805884
0,160788,0
0,38286,0
0,73649,0
0,38397,0
0,238008,0
0,373546,0
0,381019,0
0,204997,0
0,269795,422
0,71133,0
0,57996,0
0,63179,0
0,398924,0
0,175910,0
0,32228,0
0,436450,0
0,399823,0
0,189054,0
0,394260,0
0,352494,0
0,350808,0
0,463800,0
2196531,26147,2411594
0,363960,0
0,273059,0
0,46661,0
0,307930,0
0,462026,0
0,163202,0
6000000,363925,0
0,398295,0
0,132320,0
0,64202,0
0,461088,0
0,58462,0
0,20502,0
0,3178,0
0,45877,0
0,412204,0
0,59423,0
0,353713,0
50000,51946,0
0,390526,0
0,98870,0
1105736,212747,0
0,291375,0
4700000,166624,0
20000000,2331,0
0,350831,0
0,298695,0
0,405576,0
0,309820,0
0,464819,0
0,67713,0
0,428501,0
0,432615,0
0,433067,0
0,352387,0
0,359749,0
0,430834,0
273428,415086,0
0,433084,0
0,422842,0
0,313943,0
0,455675,0
0,345916,0
60000000,353491,71000000
0,458335,0
0,369406,0
400000,444935,0
0,290283,0
0,351192,0
0,41017,0
0,130015,0
0,440266,0
0,448992,0
0,234850,0
0,26177,0
0,433630,0
0,51039,0
0,101538,0
0,417489,0
0,58828,0
15000000,460846,0
0,16839,0
0,126314,0
0,18359,0
0,394185,0
0,404733,0
0,77519,0
0,104696,0
0,104697,0
0,114146,0
0,32593,0
0,80303,0
0,348391,0
0,382751,0
0,285755,0
500000,401132,0
0,405446,0
0,458506,0
0,260969,0
0,51871,0
0,65104,0
0,79701,0
0,419786,0
0,298207,0
0,429918,0
0,194097,0
0,20110,0
0,11193,0
0,51962,0
0,42642,0
0,256520,0
0,382995,0
0,290217,76000000
0,444902,0
0,54988,0
0,340856,0
0,49492,0
0,6029,0
0,401427,0
0,439314,0
0,14247,0
0,408755,0
0,146416,0
0,83486,0
0,314238,0
0,298540,0
0,355193,0
0,465044,0
0,390747,0
0,76498,0
0,413049,0
0,422005,0
0,393945,0
0,297956,0
0,464207,0
0,425071,0
0,73799,0
0,296779,0
0,69841,0
0,128268,0
0,58763,0
0,40544,0
0,152155,14353
0,53456,0
0,70061,0
0,62447,0
0,168235,0
2000,52803,0
0,26969,0
0,196649,0
0,51212,0
0,91673,0
0,130278,0
0,51195,0
0,273202,0
0,79728,0
0,21044,0
0,307649,0
0,63568,0
0,75232,0
0,10524,0
0,72363,0
21000000,301016,0
0,93782,0
0,169856,0
0,10840,0
0,72199,0
0,130627,0
0,79216,0
0,239798,0
0,21893,0
0,105759,0
0,71576,0
0,99229,0
0,62741,0
0,86118,0
0,108827,0
0,27208,0
0,133088,0
0,415892,0
0,160329,0
0,15329,0
0,62783,0
7500000,59914,0
10000,326029,0
0,54551,0
0,109408,0
0,73281,0
50000000,378236,66913939
0,156310,0
0,407531,0
0,197210,0
0,61266,0
0,244698,0
0,463906,0
0,63449,0
0,68180,0
0,438910,0
0,440708,0
0,67431,0
0,57413,0
0,107753,0
0,34000,0
0,403011,0
0,442750,0
0,366071,0
0,204821,0
0,69560,0
0,41811,0
0,51078,0
0,65662,0
0,222383,0
0,153100,0
0,137180,0
0,68063,0
0,369363,0
11000000,395834,184770205
0,34671,0
0,31486,0
0,461634,0
0,428495,0
0,351423,0
0,431435,0
0,339692,0
0,389627,0
0,179848,0
0,375798,0
0,442087,0
0,462108,0
0,298787,0
0,305147,0
0,15525,0
0,429101,0
0,461053,0
0,353921,0
0,345438,0
0,63320,0
0,346225,0
0,333097,0
0,415633,0
0,429524,0
0,421126,0
0,104810,0
0,383743,0
0,365451,0
0,17229,0
0,75760,0
0,412669,0
0,279687,0
0,464111,0
0,385305,0
0,440597,0
0,433711,0
0,417870,0
0,419459,0
34000000,407448,0
0,414453,0
0,329005,0
0,213204,0
0,117800,0
0,384594,0
0,257059,0
0,412103,0
0,438665,0
0,437830,0
0,7014,0
0,411516,0
0,254689,0
0,101190,0
0,316437,0
0,85709,0
0,60378,0
0,403667,0
0,74464,0
0,459950,0
0,332543,0
0,128571,0
0,82029,0
0,33704,0
0,103344,0
0,275272,0
0,68637,0
0,454774,0
0,433410,0
0,429039,0
0,45592,0
0,69483,0
0,423453,7800000
0,451955,0
0,70609,0
0,36886,0
0,36887,0
0,36885,0
0,12097,0
0,280640,0
0,231216,0
0,66247,0
0,49074,15000000
0,47940,0
12000000,24049,19000000
0,28469,0
0,410554,0
0,96823,0
0,54559,0
0,390343,0
0,450875,0
0,56841,0
0,417320,0
0,104700,0
0,70573,0
0,407803,0
0,104702,0
0,49295,0
0,51507,0
0,265189,1359497
2000000,373247,0
0,458618,0
5402000,277839,0
0,454787,0
0,433471,0
0,69727,0
0,89606,0
0,467731,0
0,383216,0
0,76289,0
0,104308,0
0,206277,0
1689118,92108,0
0,36415,0
0,60153,0
0,245073,0
0,280477,0
0,154575,0
0,88844,0
0,182981,0
0,59958,0
0,432025,0
0,36391,0
0,87229,0
0,383618,0
0,10819,0
0,31856,0
0,358511,0
0,79343,0
0,155939,0
0,56350,0
0,25667,0
0,24768,0
0,190496,0
0,58133,0
0,139159,0
3417000,30019,0
0,78359,0
0,101801,0
0,36416,0
0,317736,0
0,168819,0
0,108331,0
0,291224,0
0,418757,0
0,103462,0
0,38876,0
0,369444,0
0,81318,0
0,152912,0
0,68802,0
0,80284,0
0,80831,0
0,180244,0
0,157320,0
0,167267,0
0,112531,0
0,81313,0
0,245394,0
0,190817,0
0,120831,0
0,364865,0
0,65507,0
0,43656,0
0,401408,0
0,366505,0
0,434166,0
0,212865,0
0,104704,0
0,435473,0
0,269981,0
0,183088,0
0,335251,0
0,430365,0
0,50977,0
0,395767,0
0,199887,0
25868826,248705,0
0,90063,0
0,37440,0
2000000,36139,0
0,43585,0
0,44918,0
0,63990,0
0,28669,0
0,188421,0
7500000,39164,0
0,3104,0
0,20776,0
0,24568,0
0,43085,0
0,100671,0
0,19307,0
0,270762,0
0,48959,0
0,214753,0
0,173874,0
5,71016,0
0,151506,0
0,43995,0
500000,40467,0
0,449696,0
0,79927,0
0,21251,0
0,374764,0
0,460135,0
0,42247,0
0,426272,0
0,408624,0
0,413421,0
0,261871,0
0,317389,0
0,91563,0
2,227143,0
0,432789,0
0,264269,320395
0,182030,0
0,32388,0
0,434873,0
0,175461,0
0,175457,0
0,176298,0
0,184402,0
0,370213,0
10000,99104,0
0,445126,0
0,401687,0
0,200066,0
0,273279,0
1200000,97797,0
0,149946,0
0,61385,0
1254040,468707,0
750000,280422,3
0,38326,0
0,240789,50656
2000000,293654,0
0,64197,0
0,102363,0
0,92771,0
0,98604,0
0,97672,0
2000000,100152,0
800000,62757,1328612
0,449131,0
0,61966,0
2000000,63281,1268793
0,70965,0
0,75608,0
0,275331,0
0,282308,0
0,461297,0
0,258907,0
0,127762,0
0,18098,0
0,52103,0
5000000,63898,1413000
0,174271,0
0,42652,0
0,143117,0
0,65416,0
0,365432,0
0,45029,0
0,36680,0
0,222872,0
0,257472,0
0,323132,0
0,5589,0
0,325439,0
0,63266,0
0,45527,0
0,455661,0
0,327237,0
0,84710,0
0,39562,0
0,14008,0
0,44330,0
0,49279,0
0,44333,0
0,49277,0
0,49271,0
0,44324,0
0,122036,0
0,14885,0
0,49280,0
0,106807,0
0,276895,0
0,404604,0
0,420346,0
0,67179,0
0,84419,0
0,390959,0
0,289923,0
0,222848,0
0,30840,0
0,439050,0
0,111109,0
0,67758,0
0,227506,0
0,461257,0